0 9873 3
0 7828 3
0 2734 2
0 5670 3
1 3211 0
0 7486 0
0 1930 0
1 9699 1
0 4986 3
1 9554 2
1 55 2
0 9327 0
1 4987 0
1 3399 3
0 2905 2
0 2104 0
0 9723 1
1 3699 3
0 5082 2
0 7473 2
1 6287 3
0 9796 3
1 5784 1
1 2735 2
0 77 2
1 2745 1
0 7843 1
0 5037 0
1 6848 3
1 2853 2
1 6176 2
0 8921 0
0 6936 0
0 9395 1
0 553 1
0 965 0
0 6120 0
0 9101 0
0 2235 1
1 2135 2
0 4646 3
1 6835 1
0 5558 0
1 1241 2
0 3518 0
0 9514 3
1 4913 1
0 6553 3
0 3407 2
1 9434 0
0 5728 0
0 9873 2
0 7828 0
0 2734 3
0 5670 3
1 3211 0
0 7486 1
0 1930 0
1 9699 3
0 4986 0
1 9554 3
1 55 0
0 9327 1
1 4987 0
1 3399 0
0 2905 1
0 2104 0
0 9723 0
1 3699 1
0 5082 1
0 7473 1
1 6287 2
0 9796 2
1 5784 1
1 2735 0
0 77 1
1 2745 2
0 7843 1
0 5037 3
1 6848 2
1 2853 1
1 6176 3
0 8921 3
0 6936 3
0 9395 3
0 553 3
0 965 2
0 6120 3
0 9101 1
0 2235 1
1 2135 3
0 4646 3
1 6835 2
0 5558 1
1 1241 2
0 3518 1
0 9514 3
1 4913 3
0 6553 2
0 3407 2
1 9434 3
0 9873 2
0 7828 0
0 2734 2
0 5670 2
1 3211 0
0 7486 2
0 1930 0
1 9699 2
0 4986 0
1 9554 0
1 55 1
0 9327 1
1 4987 1
1 3399 2
0 2905 2
0 2104 1
0 9723 3
1 3699 3
0 5082 3
0 7473 0
1 6287 0
0 9796 1
1 5784 3
1 2735 3
0 77 0
1 2745 2
0 7843 3
0 5037 1
1 6848 3
1 2853 2
1 6176 2
0 8921 3
0 6936 2
0 9395 0
0 553 0
0 965 1
0 6120 0
0 9101 3
0 2235 2
1 2135 2
0 4646 2
1 6835 2
0 5558 1
1 1241 1
0 3518 1
0 9514 1
1 4913 3
0 6553 0
0 3407 0
1 9434 1
0 9873 2
0 7828 1
0 2734 1
0 5670 2
1 3211 0
0 7486 0
0 1930 0
1 9699 2
0 4986 3
1 9554 1
1 55 3
0 9327 2
1 4987 0
1 3399 1
0 2905 3
0 2104 3
0 9723 3
1 3699 1
0 5082 2
0 7473 2
1 6287 1
0 9796 2
1 5784 0
1 2735 2
0 77 1
1 2745 0
0 7843 2
0 5037 0
1 6848 1
1 2853 0
1 6176 2
0 8921 0
0 6936 2
0 9395 3
0 553 1
0 965 1
0 6120 0
0 9101 1
0 2235 1
1 2135 1
0 4646 2
1 6835 2
0 5558 1
1 1241 2
0 3518 2
0 9514 0
1 4913 3
0 6553 1
0 3407 0
1 9434 1
0 9873 1
0 7828 1
0 2734 3
0 5670 2
1 3211 2
0 7486 1
0 1930 1
1 9699 3
0 4986 2
1 9554 0
1 55 3
0 9327 0
1 4987 3
1 3399 1
0 2905 1
0 2104 0
0 9723 3
1 3699 0
0 5082 0
0 7473 2
1 6287 0
0 9796 2
1 5784 1
1 2735 0
0 77 0
1 2745 2
0 7843 2
0 5037 1
1 6848 0
1 2853 3
1 6176 2
0 8921 2
0 6936 3
0 9395 3
0 553 1
0 965 0
0 6120 1
0 9101 2
0 2235 0
1 2135 2
0 4646 1
1 6835 0
0 5558 2
1 1241 0
0 3518 0
0 9514 3
1 4913 3
0 6553 2
0 3407 3
1 9434 0
0 9873 3
0 7828 3
0 2734 3
0 5670 3
1 3211 0
0 7486 2
0 1930 0
1 9699 3
0 4986 2
1 9554 1
1 55 1
0 9327 0
1 4987 3
1 3399 0
0 2905 2
0 2104 0
0 9723 3
1 3699 1
0 5082 0
0 7473 2
1 6287 1
0 9796 1
1 5784 1
1 2735 0
0 77 3
1 2745 3
0 7843 3
0 5037 1
1 6848 0
1 2853 2
1 6176 3
0 8921 0
0 6936 0
0 9395 1
0 553 3
0 965 2
0 6120 1
0 9101 1
0 2235 3
1 2135 0
0 4646 1
1 6835 3
0 5558 1
1 1241 1
0 3518 2
0 9514 3
1 4913 0
0 6553 1
0 3407 1
1 9434 1
0 9873 2
0 7828 2
0 2734 1
0 5670 0
1 3211 1
0 7486 0
0 1930 0
1 9699 1
0 4986 0
1 9554 0
1 55 0
0 9327 1
1 4987 3
1 3399 2
0 2905 0
0 2104 1
0 9723 1
1 3699 0
0 5082 1
0 7473 0
1 6287 0
0 9796 1
1 5784 0
1 2735 0
0 77 3
1 2745 1
0 7843 2
0 5037 1
1 6848 3
1 2853 0
1 6176 0
0 8921 1
0 6936 0
0 9395 0
0 553 2
0 965 1
0 6120 2
0 9101 2
0 2235 2
1 2135 2
0 4646 3
1 6835 3
0 5558 1
1 1241 0
0 3518 2
0 9514 3
1 4913 2
0 6553 3
0 3407 1
1 9434 3
0 9873 3
0 7828 3
0 2734 0
0 5670 2
1 3211 1
0 7486 1
0 1930 3
1 9699 3
0 4986 2
1 9554 2
1 55 2
0 9327 3
1 4987 0
1 3399 0
0 2905 2
0 2104 0
0 9723 3
1 3699 2
0 5082 3
0 7473 2
1 6287 2
0 9796 3
1 5784 1
1 2735 0
0 77 2
1 2745 3
0 7843 1
0 5037 0
1 6848 2
1 2853 0
1 6176 3
0 8921 3
0 6936 3
0 9395 2
0 553 1
0 965 3
0 6120 1
0 9101 0
0 2235 0
1 2135 3
0 4646 3
1 6835 3
0 5558 1
1 1241 2
0 3518 0
0 9514 3
1 4913 2
0 6553 3
0 3407 3
1 9434 1
0 9873 0
0 7828 0
0 2734 2
0 5670 3
1 3211 3
0 7486 3
0 1930 2
1 9699 2
0 4986 2
1 9554 1
1 55 1
0 9327 1
1 4987 2
1 3399 0
0 2905 0
0 2104 0
0 9723 1
1 3699 0
0 5082 3
0 7473 0
1 6287 1
0 9796 3
1 5784 1
1 2735 3
0 77 0
1 2745 1
0 7843 1
0 5037 3
1 6848 3
1 2853 0
1 6176 3
0 8921 3
0 6936 0
0 9395 1
0 553 2
0 965 3
0 6120 0
0 9101 0
0 2235 1
1 2135 0
0 4646 3
1 6835 0
0 5558 0
1 1241 3
0 3518 1
0 9514 3
1 4913 1
0 6553 0
0 3407 0
1 9434 1
0 9873 3
0 7828 3
0 2734 3
0 5670 0
1 3211 2
0 7486 3
0 1930 2
1 9699 0
0 4986 1
1 9554 0
1 55 3
0 9327 1
1 4987 2
1 3399 2
0 2905 1
0 2104 3
0 9723 3
1 3699 0
0 5082 0
0 7473 2
1 6287 2
0 9796 1
1 5784 1
1 2735 2
0 77 3
1 2745 1
0 7843 0
0 5037 1
1 6848 3
1 2853 2
1 6176 1
0 8921 1
0 6936 1
0 9395 3
0 553 2
0 965 1
0 6120 1
0 9101 1
0 2235 3
1 2135 2
0 4646 0
1 6835 1
0 5558 3
1 1241 2
0 3518 3
0 9514 1
1 4913 3
0 6553 3
0 3407 1
1 9434 3
0 9873 1
0 7828 3
0 2734 2
0 5670 2
1 3211 2
0 7486 3
0 1930 1
1 9699 2
0 4986 1
1 9554 0
1 55 1
0 9327 3
1 4987 1
1 3399 2
0 2905 3
0 2104 1
0 9723 3
1 3699 3
0 5082 3
0 7473 1
1 6287 2
0 9796 0
1 5784 3
1 2735 1
0 77 3
1 2745 2
0 7843 3
0 5037 3
1 6848 0
1 2853 3
1 6176 0
0 8921 0
0 6936 0
0 9395 1
0 553 3
0 965 3
0 6120 0
0 9101 1
0 2235 3
1 2135 2
0 4646 0
1 6835 0
0 5558 3
1 1241 0
0 3518 1
0 9514 2
1 4913 1
0 6553 3
0 3407 2
1 9434 2
0 4824 2
0 9873 1
0 7828 3
0 2734 3
0 5670 2
1 3211 2
0 7486 1
0 1930 0
1 9699 1
0 4986 3
1 9554 1
1 55 3
0 9327 0
1 4987 1
1 3399 1
0 2905 0
0 2104 1
0 9723 3
1 3699 3
0 5082 1
0 7473 2
1 6287 3
0 9796 2
1 5784 1
1 2735 1
0 77 1
1 2745 2
0 7843 1
0 5037 3
1 6848 3
1 2853 1
1 6176 0
0 8921 2
0 6936 2
0 9395 2
0 553 2
0 965 3
0 6120 0
0 9101 3
0 2235 3
1 2135 0
0 4646 2
1 6835 3
0 5558 1
1 1241 0
0 3518 3
0 9514 3
1 4913 3
0 6553 1
0 3407 2
1 9434 1
0 9873 3
0 7828 1
0 2734 2
0 5670 3
1 3211 1
0 7486 3
0 1930 0
1 9699 0
0 4986 1
1 9554 3
1 55 0
0 9327 3
1 4987 3
1 3399 1
0 2905 0
0 2104 3
0 9723 2
1 3699 0
0 5082 1
0 7473 2
1 6287 2
0 9796 0
1 5784 3
1 2735 3
0 77 1
1 2745 3
0 7843 1
0 5037 0
1 6848 1
1 2853 3
1 6176 2
0 8921 1
0 6936 1
0 9395 1
0 553 0
0 965 1
0 6120 0
0 9101 0
0 2235 3
1 2135 3
0 4646 2
1 6835 3
0 5558 2
1 1241 3
0 3518 0
0 9514 1
1 4913 2
0 6553 3
0 3407 2
1 9434 3
0 1787 2
1 917 2
0 7901 1
1 4786 1
0 9873 1
0 7828 1
0 2734 1
0 5670 0
1 3211 2
0 7486 3
0 1930 0
1 9699 1
0 4986 1
1 9554 2
1 55 3
0 9327 3
1 4987 0
1 3399 1
0 2905 0
0 2104 2
0 9723 1
1 3699 3
0 5082 0
0 7473 2
1 6287 3
0 9796 1
1 5784 2
1 2735 2
0 77 1
1 2745 3
0 7843 0
0 5037 2
1 6848 2
1 2853 0
1 6176 2
0 8921 3
0 6936 1
0 9395 1
0 553 1
0 965 2
0 6120 1
0 9101 0
0 2235 2
1 2135 3
0 4646 3
1 6835 1
0 5558 2
1 1241 3
0 3518 3
0 9514 1
1 4913 0
0 6553 1
0 3407 1
1 9434 1
0 9873 1
0 7828 2
0 2734 1
0 5670 3
1 3211 2
0 7486 1
0 1930 2
1 9699 1
0 4986 1
1 9554 1
1 55 0
0 9327 2
1 4987 1
1 3399 3
0 2905 0
0 2104 1
0 9723 1
1 3699 1
0 5082 1
0 7473 0
1 6287 0
0 9796 3
1 5784 1
1 2735 3
0 77 3
1 2745 1
0 7843 3
0 5037 2
1 6848 0
1 2853 0
1 6176 2
0 8921 1
0 6936 2
0 9395 0
0 553 1
0 965 1
0 6120 1
0 9101 2
0 2235 1
1 2135 0
0 4646 3
1 6835 3
0 5558 2
1 1241 1
0 3518 3
0 9514 1
1 4913 2
0 6553 0
0 3407 1
1 9434 0
0 9873 2
0 7828 2
0 2734 3
0 5670 2
1 3211 2
0 7486 2
0 1930 0
1 9699 3
0 4986 3
1 9554 3
1 55 2
0 9327 2
1 4987 2
1 3399 0
0 2905 2
0 2104 0
0 9723 2
1 3699 1
0 5082 0
0 7473 1
1 6287 0
0 9796 1
1 5784 2
1 2735 2
0 77 2
1 2745 1
0 7843 1
0 5037 2
1 6848 3
1 2853 3
1 6176 3
0 8921 2
0 6936 2
0 9395 3
0 553 1
0 965 3
0 6120 2
0 9101 0
0 2235 2
1 2135 0
0 4646 3
1 6835 3
0 5558 3
1 1241 1
0 3518 1
0 9514 3
1 4913 0
0 6553 0
0 3407 1
1 9434 1
0 9873 2
0 7828 2
0 2734 2
0 5670 0
1 3211 3
0 7486 2
0 1930 0
1 9699 1
0 4986 1
1 9554 1
1 55 2
0 9327 3
1 4987 2
1 3399 1
0 2905 2
0 2104 0
0 9723 1
1 3699 3
0 5082 2
0 7473 2
1 6287 0
0 9796 1
1 5784 3
1 2735 0
0 77 3
1 2745 1
0 7843 0
0 5037 3
1 6848 3
1 2853 0
1 6176 2
0 8921 0
0 6936 3
0 9395 2
0 553 2
0 965 0
0 6120 3
0 9101 1
0 2235 0
1 2135 0
0 4646 0
1 6835 0
0 5558 2
1 1241 2
0 3518 2
0 9514 2
1 4913 0
0 6553 0
0 3407 1
1 9434 3
0 9873 3
0 7828 1
0 2734 2
0 5670 3
1 3211 3
0 7486 0
0 1930 3
1 9699 2
0 4986 1
1 9554 2
1 55 0
0 9327 2
1 4987 1
1 3399 2
0 2905 3
0 2104 2
0 9723 2
1 3699 0
0 5082 2
0 7473 3
1 6287 2
0 9796 0
1 5784 1
1 2735 0
0 77 2
1 2745 2
0 7843 3
0 5037 0
1 6848 1
1 2853 0
1 6176 3
0 8921 3
0 6936 3
0 9395 0
0 553 1
0 965 0
0 6120 1
0 9101 3
0 2235 2
1 2135 1
0 4646 0
1 6835 1
0 5558 0
1 1241 0
0 3518 3
0 9514 1
1 4913 1
0 6553 0
0 3407 1
1 9434 3
0 9873 3
0 7828 3
0 2734 0
0 5670 2
1 3211 3
0 7486 1
0 1930 2
1 9699 0
0 4986 2
1 9554 2
1 55 1
0 9327 2
1 4987 3
1 3399 1
0 2905 1
0 2104 3
0 9723 1
1 3699 3
0 5082 1
0 7473 0
1 6287 2
0 9796 3
1 5784 3
1 2735 0
0 77 0
1 2745 3
0 7843 1
0 5037 1
1 6848 3
1 2853 3
1 6176 0
0 8921 3
0 6936 3
0 9395 3
0 553 3
0 965 3
0 6120 3
0 9101 1
0 2235 1
1 2135 2
0 4646 3
1 6835 1
0 5558 3
1 1241 2
0 3518 1
0 9514 1
1 4913 0
0 6553 3
0 3407 2
1 9434 3
0 9873 1
0 7828 0
0 2734 1
0 5670 2
1 3211 2
0 7486 3
0 1930 3
1 9699 2
0 4986 3
1 9554 0
1 55 3
0 9327 2
1 4987 0
1 3399 0
0 2905 2
0 2104 0
0 9723 3
1 3699 1
0 5082 1
0 7473 1
1 6287 1
0 9796 1
1 5784 2
1 2735 1
0 77 3
1 2745 0
0 7843 3
0 5037 0
1 6848 2
1 2853 0
1 6176 3
0 8921 2
0 6936 2
0 9395 3
0 553 0
0 965 0
0 6120 0
0 9101 0
0 2235 1
1 2135 0
0 4646 2
1 6835 1
0 5558 1
1 1241 3
0 3518 3
0 9514 1
1 4913 0
0 6553 0
0 3407 3
1 9434 0
0 9873 0
0 7828 0
0 2734 3
0 5670 3
1 3211 0
0 7486 2
0 1930 1
1 9699 3
0 4986 3
1 9554 0
1 55 2
0 9327 1
1 4987 1
1 3399 3
0 2905 0
0 2104 3
0 9723 2
1 3699 2
0 5082 3
0 7473 0
1 6287 3
0 9796 3
1 5784 1
1 2735 1
0 77 1
1 2745 1
0 7843 2
0 5037 1
1 6848 3
1 2853 3
1 6176 0
0 8921 0
0 6936 3
0 9395 3
0 553 2
0 965 1
0 6120 0
0 9101 3
0 2235 2
1 2135 1
0 4646 3
1 6835 0
0 5558 0
1 1241 3
0 3518 2
0 9514 3
1 4913 1
0 6553 2
0 3407 0
1 9434 1
1 5530 1
0 1921 1
0 9873 1
0 7828 1
0 2734 2
0 5670 1
1 3211 0
0 7486 2
0 1930 0
1 9699 0
0 4986 0
1 9554 1
1 55 1
0 9327 2
1 4987 1
1 3399 1
0 2905 2
0 2104 3
0 9723 0
1 3699 2
0 5082 3
0 7473 1
1 6287 1
0 9796 1
1 5784 0
1 2735 1
0 77 0
1 2745 2
0 7843 1
0 5037 3
1 6848 0
1 2853 3
1 6176 0
0 8921 1
0 6936 0
0 9395 2
0 553 0
0 965 0
0 6120 0
0 9101 0
0 2235 0
1 2135 0
0 4646 0
1 6835 3
0 5558 0
1 1241 1
0 3518 0
0 9514 0
1 4913 0
0 6553 2
0 3407 0
1 9434 1
0 9873 1
0 7828 0
0 2734 3
0 5670 1
1 3211 3
0 7486 2
0 1930 3
1 9699 3
0 4986 1
1 9554 2
1 55 2
0 9327 2
1 4987 3
1 3399 3
0 2905 1
0 2104 2
0 9723 0
1 3699 0
0 5082 2
0 7473 2
1 6287 2
0 9796 2
1 5784 1
1 2735 2
0 77 0
1 2745 0
0 7843 2
0 5037 3
1 6848 1
1 2853 3
1 6176 3
0 8921 1
0 6936 3
0 9395 3
0 553 0
0 965 1
0 6120 3
0 9101 1
0 2235 1
1 2135 2
0 4646 3
1 6835 2
0 5558 0
1 1241 2
0 3518 1
0 9514 0
1 4913 0
0 6553 0
0 3407 2
1 9434 0
0 9873 0
0 7828 3
0 2734 0
0 5670 0
1 3211 0
0 7486 2
0 1930 2
1 9699 1
0 4986 2
1 9554 1
1 55 0
0 9327 0
1 4987 0
1 3399 2
0 2905 2
0 2104 1
0 9723 2
1 3699 2
0 5082 1
0 7473 0
1 6287 2
0 9796 3
1 5784 1
1 2735 3
0 77 0
1 2745 0
0 7843 1
0 5037 1
1 6848 1
1 2853 1
1 6176 1
0 8921 3
0 6936 2
0 9395 2
0 553 0
0 965 0
0 6120 1
0 9101 0
0 2235 3
1 2135 3
0 4646 3
1 6835 0
0 5558 1
1 1241 3
0 3518 2
0 9514 2
1 4913 1
0 6553 2
0 3407 0
1 9434 3
0 9873 3
0 7828 1
0 2734 3
0 5670 1
1 3211 0
0 7486 2
0 1930 3
1 9699 0
0 4986 1
1 9554 2
1 55 1
0 9327 1
1 4987 0
1 3399 1
0 2905 3
0 2104 0
0 9723 1
1 3699 3
0 5082 0
0 7473 1
1 6287 2
0 9796 2
1 5784 0
1 2735 2
0 77 2
1 2745 3
0 7843 0
0 5037 0
1 6848 3
1 2853 3
1 6176 3
0 8921 0
0 6936 3
0 9395 0
0 553 3
0 965 0
0 6120 3
0 9101 1
0 2235 2
1 2135 3
0 4646 3
1 6835 2
0 5558 2
1 1241 1
0 3518 2
0 9514 1
1 4913 3
0 6553 2
0 3407 3
1 9434 2
0 7922 0
1 2315 0
0 9873 0
0 7828 3
0 2734 1
0 5670 1
1 3211 3
0 7486 0
0 1930 2
1 9699 1
0 4986 0
1 9554 0
1 55 0
0 9327 2
1 4987 0
1 3399 1
0 2905 2
0 2104 1
0 9723 1
1 3699 0
0 5082 1
0 7473 1
1 6287 0
0 9796 1
1 5784 3
1 2735 3
0 77 0
1 2745 1
0 7843 1
0 5037 2
1 6848 3
1 2853 3
1 6176 1
0 8921 0
0 6936 3
0 9395 0
0 553 1
0 965 1
0 6120 3
0 9101 2
0 2235 0
1 2135 3
0 4646 3
1 6835 3
0 5558 0
1 1241 2
0 3518 1
0 9514 1
1 4913 2
0 6553 1
0 3407 2
1 9434 1
1 680 1
0 9873 2
0 7828 1
0 2734 2
0 5670 0
1 3211 3
0 7486 0
0 1930 1
1 9699 1
0 4986 1
1 9554 3
1 55 0
0 9327 1
1 4987 3
1 3399 0
0 2905 1
0 2104 1
0 9723 1
1 3699 0
0 5082 3
0 7473 0
1 6287 2
0 9796 1
1 5784 0
1 2735 1
0 77 2
1 2745 2
0 7843 2
0 5037 3
1 6848 0
1 2853 1
1 6176 1
0 8921 2
0 6936 0
0 9395 0
0 553 0
0 965 2
0 6120 0
0 9101 0
0 2235 3
1 2135 1
0 4646 0
1 6835 2
0 5558 0
1 1241 2
0 3518 0
0 9514 3
1 4913 1
0 6553 3
0 3407 1
1 9434 3
0 9873 2
0 7828 3
0 2734 0
0 5670 2
1 3211 0
0 7486 1
0 1930 3
1 9699 3
0 4986 1
1 9554 1
1 55 3
0 9327 2
1 4987 0
1 3399 1
0 2905 1
0 2104 0
0 9723 2
1 3699 2
0 5082 0
0 7473 3
1 6287 1
0 9796 1
1 5784 2
1 2735 0
0 77 3
1 2745 3
0 7843 2
0 5037 1
1 6848 2
1 2853 1
1 6176 3
0 8921 1
0 6936 2
0 9395 3
0 553 2
0 965 3
0 6120 2
0 9101 1
0 2235 3
1 2135 3
0 4646 3
1 6835 0
0 5558 2
1 1241 3
0 3518 3
0 9514 2
1 4913 0
0 6553 2
0 3407 1
1 9434 0
1 3064 2
0 9873 3
0 7828 0
0 2734 0
0 5670 3
1 3211 2
0 7486 3
0 1930 0
1 9699 2
0 4986 3
1 9554 1
1 55 1
0 9327 3
1 4987 3
1 3399 3
0 2905 2
0 2104 0
0 9723 0
1 3699 2
0 5082 1
0 7473 2
1 6287 2
0 9796 0
1 5784 2
1 2735 1
0 77 1
1 2745 2
0 7843 2
0 5037 0
1 6848 1
1 2853 2
1 6176 1
0 8921 1
0 6936 3
0 9395 3
0 553 0
0 965 0
0 6120 0
0 9101 2
0 2235 3
1 2135 3
0 4646 2
1 6835 3
0 5558 2
1 1241 3
0 3518 1
0 9514 1
1 4913 1
0 6553 1
0 3407 0
1 9434 2
0 9873 3
0 7828 1
0 2734 3
0 5670 1
1 3211 0
0 7486 3
0 1930 2
1 9699 1
0 4986 0
1 9554 1
1 55 0
0 9327 1
1 4987 1
1 3399 2
0 2905 2
0 2104 2
0 9723 3
1 3699 3
0 5082 2
0 7473 1
1 6287 2
0 9796 0
1 5784 3
1 2735 0
0 77 2
1 2745 2
0 7843 2
0 5037 1
1 6848 2
1 2853 0
1 6176 2
0 8921 3
0 6936 1
0 9395 1
0 553 3
0 965 3
0 6120 1
0 9101 2
0 2235 0
1 2135 0
0 4646 0
1 6835 1
0 5558 2
1 1241 3
0 3518 1
0 9514 1
1 4913 1
0 6553 2
0 3407 2
1 9434 2
0 9863 3
0 9873 2
0 7828 0
0 2734 2
0 5670 2
1 3211 2
0 7486 3
0 1930 0
1 9699 3
0 4986 0
1 9554 0
1 55 2
0 9327 0
1 4987 1
1 3399 0
0 2905 3
0 2104 2
0 9723 3
1 3699 3
0 5082 3
0 7473 3
1 6287 2
0 9796 0
1 5784 0
1 2735 1
0 77 1
1 2745 3
0 7843 3
0 5037 3
1 6848 2
1 2853 3
1 6176 0
0 8921 0
0 6936 0
0 9395 1
0 553 1
0 965 2
0 6120 0
0 9101 3
0 2235 0
1 2135 0
0 4646 2
1 6835 0
0 5558 0
1 1241 3
0 3518 2
0 9514 1
1 4913 2
0 6553 1
0 3407 3
1 9434 0
0 9873 0
0 7828 2
0 2734 0
0 5670 2
1 3211 1
0 7486 2
0 1930 1
1 9699 0
0 4986 0
1 9554 2
1 55 0
0 9327 3
1 4987 3
1 3399 3
0 2905 1
0 2104 3
0 9723 2
1 3699 0
0 5082 0
0 7473 0
1 6287 2
0 9796 3
1 5784 2
1 2735 3
0 77 0
1 2745 3
0 7843 0
0 5037 3
1 6848 3
1 2853 3
1 6176 1
0 8921 1
0 6936 0
0 9395 0
0 553 0
0 965 1
0 6120 3
0 9101 1
0 2235 0
1 2135 2
0 4646 3
1 6835 1
0 5558 3
1 1241 0
0 3518 2
0 9514 2
1 4913 1
0 6553 3
0 3407 1
1 9434 1
0 9873 3
0 7828 0
0 2734 3
0 5670 0
1 3211 2
0 7486 2
0 1930 2
1 9699 1
0 4986 2
1 9554 0
1 55 3
0 9327 1
1 4987 0
1 3399 0
0 2905 2
0 2104 1
0 9723 3
1 3699 0
0 5082 2
0 7473 0
1 6287 1
0 9796 3
1 5784 3
1 2735 0
0 77 2
1 2745 3
0 7843 2
0 5037 3
1 6848 3
1 2853 3
1 6176 0
0 8921 3
0 6936 2
0 9395 3
0 553 0
0 965 3
0 6120 2
0 9101 2
0 2235 1
1 2135 1
0 4646 2
1 6835 3
0 5558 3
1 1241 0
0 3518 1
0 9514 0
1 4913 2
0 6553 1
0 3407 1
1 9434 2
0 9873 1
0 7828 0
0 2734 1
0 5670 1
1 3211 0
0 7486 2
0 1930 3
1 9699 1
0 4986 1
1 9554 1
1 55 2
0 9327 0
1 4987 0
1 3399 1
0 2905 3
0 2104 0
0 9723 0
1 3699 3
0 5082 3
0 7473 0
1 6287 2
0 9796 0
1 5784 1
1 2735 0
0 77 2
1 2745 2
0 7843 3
0 5037 0
1 6848 1
1 2853 3
1 6176 1
0 8921 0
0 6936 3
0 9395 1
0 553 0
0 965 2
0 6120 1
0 9101 1
0 2235 1
1 2135 1
0 4646 1
1 6835 2
0 5558 3
1 1241 1
0 3518 1
0 9514 0
1 4913 3
0 6553 3
0 3407 1
1 9434 1
1 1114 0
0 9873 1
0 7828 3
0 2734 1
0 5670 1
1 3211 3
0 7486 1
0 1930 1
1 9699 1
0 4986 1
1 9554 2
1 55 2
0 9327 0
1 4987 2
1 3399 1
0 2905 1
0 2104 2
0 9723 1
1 3699 1
0 5082 1
0 7473 1
1 6287 3
0 9796 2
1 5784 3
1 2735 3
0 77 3
1 2745 0
0 7843 0
0 5037 3
1 6848 2
1 2853 3
1 6176 2
0 8921 1
0 6936 3
0 9395 3
0 553 3
0 965 3
0 6120 3
0 9101 1
0 2235 2
1 2135 0
0 4646 0
1 6835 2
0 5558 0
1 1241 3
0 3518 2
0 9514 2
1 4913 2
0 6553 1
0 3407 2
1 9434 3
0 9873 2
0 7828 3
0 2734 0
0 5670 1
1 3211 1
0 7486 2
0 1930 0
1 9699 3
0 4986 1
1 9554 3
1 55 3
0 9327 2
1 4987 2
1 3399 1
0 2905 2
0 2104 0
0 9723 1
1 3699 0
0 5082 2
0 7473 0
1 6287 1
0 9796 1
1 5784 3
1 2735 3
0 77 3
1 2745 1
0 7843 2
0 5037 2
1 6848 3
1 2853 3
1 6176 1
0 8921 1
0 6936 2
0 9395 0
0 553 1
0 965 3
0 6120 2
0 9101 0
0 2235 0
1 2135 0
0 4646 1
1 6835 2
0 5558 1
1 1241 3
0 3518 3
0 9514 3
1 4913 1
0 6553 0
0 3407 2
1 9434 3
1 7038 0
0 9873 3
0 7828 0
0 2734 3
0 5670 0
1 3211 3
0 7486 3
0 1930 0
1 9699 2
0 4986 1
1 9554 2
1 55 2
0 9327 2
1 4987 1
1 3399 1
0 2905 3
0 2104 2
0 9723 1
1 3699 2
0 5082 1
0 7473 0
1 6287 3
0 9796 1
1 5784 1
1 2735 2
0 77 2
1 2745 3
0 7843 3
0 5037 3
1 6848 2
1 2853 0
1 6176 2
0 8921 1
0 6936 3
0 9395 3
0 553 1
0 965 3
0 6120 2
0 9101 2
0 2235 2
1 2135 2
0 4646 0
1 6835 2
0 5558 2
1 1241 0
0 3518 3
0 9514 0
1 4913 1
0 6553 1
0 3407 3
1 9434 1
0 9873 2
0 7828 0
0 2734 3
0 5670 0
1 3211 2
0 7486 0
0 1930 3
1 9699 0
0 4986 3
1 9554 3
1 55 2
0 9327 2
1 4987 1
1 3399 1
0 2905 3
0 2104 2
0 9723 1
1 3699 3
0 5082 0
0 7473 0
1 6287 1
0 9796 2
1 5784 1
1 2735 3
0 77 2
1 2745 1
0 7843 3
0 5037 1
1 6848 1
1 2853 1
1 6176 1
0 8921 1
0 6936 2
0 9395 2
0 553 2
0 965 3
0 6120 2
0 9101 0
0 2235 3
1 2135 3
0 4646 0
1 6835 3
0 5558 0
1 1241 0
0 3518 2
0 9514 3
1 4913 2
0 6553 2
0 3407 1
1 9434 2
0 9873 2
0 7828 3
0 2734 3
0 5670 0
1 3211 1
0 7486 3
0 1930 2
1 9699 3
0 4986 0
1 9554 2
1 55 1
0 9327 3
1 4987 2
1 3399 0
0 2905 3
0 2104 1
0 9723 2
1 3699 0
0 5082 3
0 7473 3
1 6287 3
0 9796 1
1 5784 0
1 2735 0
0 77 1
1 2745 1
0 7843 2
0 5037 1
1 6848 2
1 2853 3
1 6176 3
0 8921 2
0 6936 0
0 9395 0
0 553 2
0 965 2
0 6120 1
0 9101 1
0 2235 0
1 2135 0
0 4646 1
1 6835 0
0 5558 1
1 1241 2
0 3518 2
0 9514 0
1 4913 2
0 6553 2
0 3407 2
1 9434 2
0 9873 2
0 7828 0
0 2734 1
0 5670 0
1 3211 0
0 7486 0
0 1930 1
1 9699 1
0 4986 2
1 9554 0
1 55 3
0 9327 1
1 4987 0
1 3399 3
0 2905 0
0 2104 0
0 9723 0
1 3699 1
0 5082 3
0 7473 1
1 6287 1
0 9796 0
1 5784 3
1 2735 3
0 77 3
1 2745 1
0 7843 2
0 5037 2
1 6848 1
1 2853 2
1 6176 2
0 8921 1
0 6936 1
0 9395 2
0 553 2
0 965 0
0 6120 0
0 9101 1
0 2235 1
1 2135 2
0 4646 1
1 6835 2
0 5558 1
1 1241 1
0 3518 3
0 9514 2
1 4913 3
0 6553 1
0 3407 1
1 9434 0
0 9873 2
0 7828 2
0 2734 1
0 5670 3
1 3211 1
0 7486 2
0 1930 0
1 9699 2
0 4986 0
1 9554 3
1 55 2
0 9327 2
1 4987 1
1 3399 3
0 2905 2
0 2104 3
0 9723 0
1 3699 1
0 5082 1
0 7473 3
1 6287 3
0 9796 2
1 5784 0
1 2735 1
0 77 3
1 2745 2
0 7843 2
0 5037 1
1 6848 1
1 2853 2
1 6176 3
0 8921 3
0 6936 3
0 9395 1
0 553 1
0 965 1
0 6120 3
0 9101 2
0 2235 2
1 2135 0
0 4646 0
1 6835 0
0 5558 3
1 1241 1
0 3518 3
0 9514 1
1 4913 3
0 6553 0
0 3407 3
1 9434 2
0 9873 2
0 7828 2
0 2734 0
0 5670 1
1 3211 0
0 7486 3
0 1930 3
1 9699 1
0 4986 2
1 9554 0
1 55 3
0 9327 0
1 4987 1
1 3399 3
0 2905 3
0 2104 3
0 9723 3
1 3699 3
0 5082 0
0 7473 0
1 6287 1
0 9796 2
1 5784 3
1 2735 3
0 77 3
1 2745 0
0 7843 2
0 5037 2
1 6848 1
1 2853 3
1 6176 1
0 8921 3
0 6936 1
0 9395 1
0 553 3
0 965 1
0 6120 0
0 9101 1
0 2235 2
1 2135 1
0 4646 3
1 6835 1
0 5558 3
1 1241 2
0 3518 3
0 9514 3
1 4913 3
0 6553 3
0 3407 2
1 9434 3
1 9359 1
0 9873 1
0 7828 0
0 2734 0
0 5670 3
1 3211 2
0 7486 2
0 1930 2
1 9699 3
0 4986 1
1 9554 2
1 55 0
0 9327 0
1 4987 0
1 3399 2
0 2905 0
0 2104 0
0 9723 2
1 3699 2
0 5082 1
0 7473 3
1 6287 2
0 9796 1
1 5784 0
1 2735 3
0 77 2
1 2745 3
0 7843 1
0 5037 0
1 6848 1
1 2853 3
1 6176 3
0 8921 1
0 6936 2
0 9395 0
0 553 3
0 965 3
0 6120 3
0 9101 3
0 2235 1
1 2135 2
0 4646 2
1 6835 0
0 5558 1
1 1241 3
0 3518 3
0 9514 3
1 4913 2
0 6553 1
0 3407 3
1 9434 1
0 9873 2
0 7828 2
0 2734 3
0 5670 0
1 3211 3
0 7486 3
0 1930 0
1 9699 3
0 4986 2
1 9554 0
1 55 2
0 9327 2
1 4987 0
1 3399 0
0 2905 3
0 2104 0
0 9723 3
1 3699 1
0 5082 1
0 7473 0
1 6287 2
0 9796 1
1 5784 3
1 2735 2
0 77 3
1 2745 1
0 7843 1
0 5037 1
1 6848 0
1 2853 0
1 6176 2
0 8921 2
0 6936 1
0 9395 1
0 553 1
0 965 3
0 6120 0
0 9101 2
0 2235 3
1 2135 1
0 4646 2
1 6835 3
0 5558 2
1 1241 3
0 3518 2
0 9514 2
1 4913 1
0 6553 0
0 3407 3
1 9434 1
0 9873 3
0 7828 2
0 2734 3
0 5670 3
1 3211 1
0 7486 1
0 1930 2
1 9699 2
0 4986 2
1 9554 2
1 55 1
0 9327 3
1 4987 3
1 3399 3
0 2905 0
0 2104 3
0 9723 3
1 3699 2
0 5082 0
0 7473 2
1 6287 1
0 9796 3
1 5784 1
1 2735 1
0 77 2
1 2745 2
0 7843 1
0 5037 2
1 6848 0
1 2853 2
1 6176 2
0 8921 3
0 6936 1
0 9395 3
0 553 3
0 965 1
0 6120 0
0 9101 0
0 2235 3
1 2135 0
0 4646 1
1 6835 2
0 5558 2
1 1241 2
0 3518 3
0 9514 1
1 4913 1
0 6553 2
0 3407 3
1 9434 0
1 3314 3
0 9873 1
0 7828 3
0 2734 0
0 5670 3
1 3211 2
0 7486 2
0 1930 1
1 9699 1
0 4986 0
1 9554 0
1 55 1
0 9327 1
1 4987 3
1 3399 0
0 2905 1
0 2104 3
0 9723 1
1 3699 1
0 5082 1
0 7473 0
1 6287 1
0 9796 1
1 5784 3
1 2735 3
0 77 0
1 2745 2
0 7843 3
0 5037 2
1 6848 1
1 2853 3
1 6176 3
0 8921 2
0 6936 0
0 9395 1
0 553 1
0 965 2
0 6120 1
0 9101 2
0 2235 3
1 2135 0
0 4646 2
1 6835 2
0 5558 3
1 1241 1
0 3518 2
0 9514 0
1 4913 3
0 6553 2
0 3407 0
1 9434 3
1 8131 2
0 9873 2
0 7828 3
0 2734 1
0 5670 2
1 3211 3
0 7486 0
0 1930 1
1 9699 1
0 4986 2
1 9554 1
1 55 1
0 9327 1
1 4987 2
1 3399 3
0 2905 2
0 2104 1
0 9723 1
1 3699 3
0 5082 0
0 7473 1
1 6287 0
0 9796 2
1 5784 2
1 2735 3
0 77 1
1 2745 0
0 7843 0
0 5037 2
1 6848 1
1 2853 0
1 6176 2
0 8921 0
0 6936 3
0 9395 1
0 553 0
0 965 2
0 6120 2
0 9101 3
0 2235 0
1 2135 1
0 4646 2
1 6835 0
0 5558 3
1 1241 3
0 3518 2
0 9514 1
1 4913 0
0 6553 2
0 3407 0
1 9434 1
1 7877 0
0 9873 1
0 7828 2
0 2734 3
0 5670 2
1 3211 1
0 7486 0
0 1930 0
1 9699 1
0 4986 0
1 9554 1
1 55 0
0 9327 2
1 4987 2
1 3399 3
0 2905 0
0 2104 0
0 9723 2
1 3699 0
0 5082 0
0 7473 3
1 6287 0
0 9796 2
1 5784 1
1 2735 1
0 77 3
1 2745 3
0 7843 3
0 5037 3
1 6848 0
1 2853 0
1 6176 2
0 8921 3
0 6936 0
0 9395 0
0 553 0
0 965 1
0 6120 2
0 9101 3
0 2235 3
1 2135 3
0 4646 0
1 6835 0
0 5558 2
1 1241 1
0 3518 3
0 9514 2
1 4913 2
0 6553 0
0 3407 1
1 9434 2
0 9873 1
0 7828 3
0 2734 2
0 5670 1
1 3211 1
0 7486 0
0 1930 0
1 9699 0
0 4986 1
1 9554 1
1 55 2
0 9327 2
1 4987 3
1 3399 0
0 2905 0
0 2104 3
0 9723 3
1 3699 2
0 5082 3
0 7473 1
1 6287 3
0 9796 3
1 5784 1
1 2735 1
0 77 3
1 2745 1
0 7843 0
0 5037 1
1 6848 2
1 2853 2
1 6176 3
0 8921 0
0 6936 0
0 9395 1
0 553 3
0 965 3
0 6120 0
0 9101 0
0 2235 2
1 2135 2
0 4646 2
1 6835 1
0 5558 2
1 1241 2
0 3518 0
0 9514 3
1 4913 0
0 6553 0
0 3407 2
1 9434 0
0 4226 2
0 9873 0
0 7828 1
0 2734 3
0 5670 0
1 3211 1
0 7486 0
0 1930 0
1 9699 0
0 4986 3
1 9554 2
1 55 2
0 9327 3
1 4987 1
1 3399 2
0 2905 0
0 2104 2
0 9723 0
1 3699 3
0 5082 3
0 7473 0
1 6287 0
0 9796 2
1 5784 2
1 2735 3
0 77 3
1 2745 0
0 7843 1
0 5037 3
1 6848 2
1 2853 0
1 6176 1
0 8921 2
0 6936 3
0 9395 3
0 553 2
0 965 3
0 6120 3
0 9101 3
0 2235 3
1 2135 3
0 4646 1
1 6835 1
0 5558 1
1 1241 1
0 3518 2
0 9514 2
1 4913 3
0 6553 3
0 3407 2
1 9434 0
0 9873 1
0 7828 3
0 2734 0
0 5670 0
1 3211 2
0 7486 0
0 1930 3
1 9699 0
0 4986 3
1 9554 1
1 55 1
0 9327 3
1 4987 2
1 3399 2
0 2905 1
0 2104 1
0 9723 3
1 3699 1
0 5082 2
0 7473 0
1 6287 3
0 9796 0
1 5784 2
1 2735 3
0 77 2
1 2745 1
0 7843 1
0 5037 2
1 6848 1
1 2853 0
1 6176 0
0 8921 3
0 6936 0
0 9395 2
0 553 3
0 965 3
0 6120 3
0 9101 0
0 2235 0
1 2135 2
0 4646 0
1 6835 3
0 5558 1
1 1241 0
0 3518 0
0 9514 1
1 4913 3
0 6553 1
0 3407 3
1 9434 0
0 9873 3
0 7828 1
0 2734 1
0 5670 1
1 3211 3
0 7486 0
0 1930 0
1 9699 0
0 4986 0
1 9554 0
1 55 2
0 9327 1
1 4987 2
1 3399 1
0 2905 3
0 2104 3
0 9723 3
1 3699 0
0 5082 1
0 7473 2
1 6287 2
0 9796 1
1 5784 1
1 2735 3
0 77 1
1 2745 3
0 7843 0
0 5037 0
1 6848 1
1 2853 0
1 6176 1
0 8921 0
0 6936 3
0 9395 3
0 553 0
0 965 1
0 6120 2
0 9101 2
0 2235 2
1 2135 0
0 4646 2
1 6835 1
0 5558 0
1 1241 1
0 3518 2
0 9514 0
1 4913 1
0 6553 0
0 3407 1
1 9434 1
0 9873 3
0 7828 1
0 2734 2
0 5670 1
1 3211 0
0 7486 2
0 1930 0
1 9699 3
0 4986 1
1 9554 2
1 55 0
0 9327 2
1 4987 3
1 3399 1
0 2905 0
0 2104 2
0 9723 0
1 3699 3
0 5082 1
0 7473 3
1 6287 0
0 9796 3
1 5784 3
1 2735 2
0 77 1
1 2745 2
0 7843 2
0 5037 0
1 6848 2
1 2853 1
1 6176 1
0 8921 2
0 6936 1
0 9395 3
0 553 0
0 965 1
0 6120 0
0 9101 2
0 2235 1
1 2135 2
0 4646 2
1 6835 0
0 5558 2
1 1241 0
0 3518 2
0 9514 1
1 4913 0
0 6553 1
0 3407 0
1 9434 3
0 9873 3
0 7828 3
0 2734 0
0 5670 3
1 3211 0
0 7486 1
0 1930 3
1 9699 2
0 4986 0
1 9554 0
1 55 2
0 9327 0
1 4987 1
1 3399 1
0 2905 3
0 2104 2
0 9723 3
1 3699 3
0 5082 2
0 7473 1
1 6287 1
0 9796 3
1 5784 2
1 2735 2
0 77 0
1 2745 2
0 7843 2
0 5037 0
1 6848 3
1 2853 2
1 6176 1
0 8921 3
0 6936 2
0 9395 0
0 553 1
0 965 0
0 6120 2
0 9101 1
0 2235 0
1 2135 1
0 4646 1
1 6835 3
0 5558 1
1 1241 2
0 3518 3
0 9514 3
1 4913 2
0 6553 0
0 3407 1
1 9434 1
0 9873 1
0 7828 1
0 2734 0
0 5670 0
1 3211 1
0 7486 1
0 1930 2
1 9699 0
0 4986 3
1 9554 2
1 55 2
0 9327 2
1 4987 2
1 3399 0
0 2905 0
0 2104 1
0 9723 2
1 3699 1
0 5082 0
0 7473 2
1 6287 2
0 9796 3
1 5784 3
1 2735 1
0 77 0
1 2745 2
0 7843 3
0 5037 3
1 6848 3
1 2853 1
1 6176 2
0 8921 0
0 6936 3
0 9395 0
0 553 0
0 965 0
0 6120 2
0 9101 2
0 2235 0
1 2135 0
0 4646 1
1 6835 0
0 5558 3
1 1241 2
0 3518 2
0 9514 1
1 4913 3
0 6553 1
0 3407 1
1 9434 3
0 9873 1
0 7828 1
0 2734 3
0 5670 0
1 3211 3
0 7486 0
0 1930 0
1 9699 0
0 4986 3
1 9554 2
1 55 1
0 9327 1
1 4987 3
1 3399 2
0 2905 3
0 2104 0
0 9723 3
1 3699 1
0 5082 1
0 7473 2
1 6287 2
0 9796 3
1 5784 3
1 2735 3
0 77 0
1 2745 2
0 7843 2
0 5037 1
1 6848 0
1 2853 2
1 6176 2
0 8921 3
0 6936 0
0 9395 2
0 553 3
0 965 2
0 6120 2
0 9101 1
0 2235 0
1 2135 0
0 4646 2
1 6835 1
0 5558 0
1 1241 3
0 3518 1
0 9514 2
1 4913 3
0 6553 0
0 3407 0
1 9434 2
0 9873 1
0 7828 1
0 2734 0
0 5670 1
1 3211 0
0 7486 1
0 1930 3
1 9699 1
0 4986 1
1 9554 3
1 55 0
0 9327 0
1 4987 2
1 3399 3
0 2905 2
0 2104 0
0 9723 0
1 3699 3
0 5082 0
0 7473 1
1 6287 1
0 9796 3
1 5784 0
1 2735 2
0 77 0
1 2745 3
0 7843 0
0 5037 2
1 6848 0
1 2853 0
1 6176 2
0 8921 2
0 6936 1
0 9395 2
0 553 0
0 965 1
0 6120 3
0 9101 0
0 2235 3
1 2135 3
0 4646 1
1 6835 1
0 5558 3
1 1241 3
0 3518 1
0 9514 0
1 4913 0
0 6553 3
0 3407 0
1 9434 2
1 1568 2
0 9873 3
0 7828 0
0 2734 0
0 5670 3
1 3211 2
0 7486 0
0 1930 2
1 9699 0
0 4986 0
1 9554 2
1 55 0
0 9327 3
1 4987 3
1 3399 0
0 2905 2
0 2104 0
0 9723 1
1 3699 3
0 5082 3
0 7473 0
1 6287 1
0 9796 3
1 5784 0
1 2735 0
0 77 2
1 2745 0
0 7843 2
0 5037 1
1 6848 3
1 2853 1
1 6176 0
0 8921 1
0 6936 3
0 9395 2
0 553 0
0 965 3
0 6120 2
0 9101 3
0 2235 0
1 2135 1
0 4646 3
1 6835 3
0 5558 0
1 1241 2
0 3518 3
0 9514 3
1 4913 2
0 6553 2
0 3407 1
1 9434 0
0 9873 2
0 7828 0
0 2734 2
0 5670 2
1 3211 3
0 7486 3
0 1930 1
1 9699 3
0 4986 3
1 9554 3
1 55 3
0 9327 1
1 4987 1
1 3399 2
0 2905 0
0 2104 1
0 9723 0
1 3699 1
0 5082 3
0 7473 2
1 6287 0
0 9796 3
1 5784 2
1 2735 1
0 77 0
1 2745 1
0 7843 3
0 5037 1
1 6848 3
1 2853 1
1 6176 0
0 8921 2
0 6936 1
0 9395 3
0 553 0
0 965 3
0 6120 0
0 9101 0
0 2235 3
1 2135 3
0 4646 0
1 6835 1
0 5558 0
1 1241 0
0 3518 2
0 9514 0
1 4913 0
0 6553 1
0 3407 3
1 9434 1
0 5705 0
0 9873 0
0 7828 2
0 2734 1
0 5670 2
1 3211 3
0 7486 1
0 1930 0
1 9699 2
0 4986 2
1 9554 1
1 55 2
0 9327 2
1 4987 2
1 3399 3
0 2905 3
0 2104 1
0 9723 3
1 3699 0
0 5082 1
0 7473 2
1 6287 2
0 9796 3
1 5784 1
1 2735 3
0 77 0
1 2745 0
0 7843 1
0 5037 1
1 6848 1
1 2853 0
1 6176 2
0 8921 1
0 6936 1
0 9395 3
0 553 3
0 965 2
0 6120 3
0 9101 0
0 2235 1
1 2135 0
0 4646 3
1 6835 3
0 5558 0
1 1241 0
0 3518 1
0 9514 1
1 4913 2
0 6553 1
0 3407 2
1 9434 3
0 3670 0
0 9873 1
0 7828 3
0 2734 1
0 5670 1
1 3211 0
0 7486 2
0 1930 2
1 9699 1
0 4986 2
1 9554 3
1 55 3
0 9327 3
1 4987 0
1 3399 1
0 2905 2
0 2104 2
0 9723 0
1 3699 2
0 5082 2
0 7473 3
1 6287 1
0 9796 0
1 5784 1
1 2735 3
0 77 1
1 2745 2
0 7843 2
0 5037 3
1 6848 0
1 2853 1
1 6176 2
0 8921 1
0 6936 2
0 9395 2
0 553 0
0 965 1
0 6120 2
0 9101 2
0 2235 2
1 2135 1
0 4646 3
1 6835 3
0 5558 2
1 1241 1
0 3518 3
0 9514 3
1 4913 1
0 6553 2
0 3407 3
1 9434 2
0 4711 0
1 9458 3
0 9873 2
0 7828 3
0 2734 3
0 5670 0
1 3211 3
0 7486 1
0 1930 0
1 9699 0
0 4986 1
1 9554 1
1 55 0
0 9327 1
1 4987 3
1 3399 2
0 2905 0
0 2104 1
0 9723 2
1 3699 1
0 5082 2
0 7473 0
1 6287 1
0 9796 1
1 5784 1
1 2735 1
0 77 1
1 2745 0
0 7843 1
0 5037 0
1 6848 0
1 2853 0
1 6176 2
0 8921 2
0 6936 2
0 9395 1
0 553 3
0 965 2
0 6120 0
0 9101 3
0 2235 1
1 2135 2
0 4646 1
1 6835 3
0 5558 2
1 1241 1
0 3518 1
0 9514 1
1 4913 3
0 6553 3
0 3407 0
1 9434 0
0 9873 0
0 7828 3
0 2734 1
0 5670 3
1 3211 0
0 7486 1
0 1930 1
1 9699 2
0 4986 2
1 9554 0
1 55 2
0 9327 3
1 4987 2
1 3399 0
0 2905 0
0 2104 1
0 9723 1
1 3699 1
0 5082 0
0 7473 3
1 6287 0
0 9796 1
1 5784 1
1 2735 0
0 77 0
1 2745 1
0 7843 1
0 5037 3
1 6848 0
1 2853 0
1 6176 2
0 8921 2
0 6936 0
0 9395 0
0 553 1
0 965 1
0 6120 0
0 9101 0
0 2235 2
1 2135 0
0 4646 0
1 6835 1
0 5558 2
1 1241 1
0 3518 2
0 9514 1
1 4913 1
0 6553 2
0 3407 0
1 9434 0
0 9873 3
0 7828 0
0 2734 1
0 5670 3
1 3211 3
0 7486 2
0 1930 1
1 9699 2
0 4986 1
1 9554 1
1 55 3
0 9327 1
1 4987 1
1 3399 0
0 2905 0
0 2104 3
0 9723 3
1 3699 2
0 5082 3
0 7473 3
1 6287 2
0 9796 3
1 5784 3
1 2735 2
0 77 1
1 2745 2
0 7843 3
0 5037 0
1 6848 2
1 2853 3
1 6176 3
0 8921 3
0 6936 0
0 9395 2
0 553 2
0 965 0
0 6120 3
0 9101 1
0 2235 3
1 2135 3
0 4646 1
1 6835 1
0 5558 0
1 1241 1
0 3518 3
0 9514 0
1 4913 3
0 6553 0
0 3407 0
1 9434 1
0 9873 3
0 7828 1
0 2734 1
0 5670 2
1 3211 3
0 7486 2
0 1930 0
1 9699 0
0 4986 1
1 9554 0
1 55 3
0 9327 1
1 4987 0
1 3399 0
0 2905 1
0 2104 2
0 9723 2
1 3699 3
0 5082 3
0 7473 2
1 6287 2
0 9796 2
1 5784 0
1 2735 2
0 77 0
1 2745 0
0 7843 1
0 5037 1
1 6848 0
1 2853 1
1 6176 1
0 8921 2
0 6936 0
0 9395 1
0 553 1
0 965 2
0 6120 1
0 9101 1
0 2235 2
1 2135 3
0 4646 0
1 6835 1
0 5558 3
1 1241 1
0 3518 1
0 9514 3
1 4913 1
0 6553 3
0 3407 3
1 9434 0
0 9873 1
0 7828 1
0 2734 0
0 5670 3
1 3211 3
0 7486 1
0 1930 3
1 9699 2
0 4986 2
1 9554 3
1 55 1
0 9327 3
1 4987 1
1 3399 0
0 2905 1
0 2104 3
0 9723 0
1 3699 0
0 5082 1
0 7473 3
1 6287 3
0 9796 0
1 5784 1
1 2735 3
0 77 1
1 2745 0
0 7843 2
0 5037 2
1 6848 3
1 2853 0
1 6176 1
0 8921 2
0 6936 2
0 9395 1
0 553 1
0 965 1
0 6120 2
0 9101 3
0 2235 0
1 2135 3
0 4646 3
1 6835 1
0 5558 1
1 1241 2
0 3518 1
0 9514 0
1 4913 1
0 6553 0
0 3407 2
1 9434 3
0 190 2
0 9873 0
0 7828 0
0 2734 2
0 5670 1
1 3211 1
0 7486 0
0 1930 1
1 9699 3
0 4986 3
1 9554 0
1 55 2
0 9327 2
1 4987 2
1 3399 2
0 2905 3
0 2104 1
0 9723 1
1 3699 2
0 5082 1
0 7473 0
1 6287 2
0 9796 0
1 5784 0
1 2735 3
0 77 3
1 2745 1
0 7843 3
0 5037 3
1 6848 0
1 2853 3
1 6176 2
0 8921 3
0 6936 1
0 9395 2
0 553 3
0 965 3
0 6120 1
0 9101 0
0 2235 1
1 2135 1
0 4646 2
1 6835 3
0 5558 0
1 1241 2
0 3518 3
0 9514 1
1 4913 1
0 6553 0
0 3407 3
1 9434 0
0 9873 3
0 7828 0
0 2734 0
0 5670 3
1 3211 0
0 7486 0
0 1930 2
1 9699 1
0 4986 0
1 9554 3
1 55 2
0 9327 0
1 4987 2
1 3399 2
0 2905 3
0 2104 2
0 9723 1
1 3699 2
0 5082 1
0 7473 2
1 6287 0
0 9796 3
1 5784 3
1 2735 2
0 77 3
1 2745 2
0 7843 2
0 5037 0
1 6848 1
1 2853 2
1 6176 2
0 8921 2
0 6936 2
0 9395 3
0 553 0
0 965 3
0 6120 3
0 9101 0
0 2235 3
1 2135 2
0 4646 3
1 6835 2
0 5558 3
1 1241 0
0 3518 0
0 9514 3
1 4913 3
0 6553 1
0 3407 2
1 9434 0
0 1372 3
0 9873 2
0 7828 1
0 2734 2
0 5670 1
1 3211 2
0 7486 1
0 1930 0
1 9699 2
0 4986 3
1 9554 0
1 55 3
0 9327 3
1 4987 2
1 3399 1
0 2905 2
0 2104 2
0 9723 1
1 3699 3
0 5082 3
0 7473 2
1 6287 1
0 9796 0
1 5784 1
1 2735 2
0 77 2
1 2745 3
0 7843 0
0 5037 2
1 6848 2
1 2853 0
1 6176 1
0 8921 2
0 6936 2
0 9395 1
0 553 0
0 965 2
0 6120 1
0 9101 3
0 2235 3
1 2135 2
0 4646 3
1 6835 1
0 5558 1
1 1241 3
0 3518 1
0 9514 1
1 4913 2
0 6553 2
0 3407 1
1 9434 1
0 9873 3
0 7828 0
0 2734 3
0 5670 3
1 3211 0
0 7486 2
0 1930 3
1 9699 2
0 4986 3
1 9554 2
1 55 1
0 9327 2
1 4987 1
1 3399 3
0 2905 3
0 2104 2
0 9723 1
1 3699 2
0 5082 0
0 7473 2
1 6287 1
0 9796 1
1 5784 2
1 2735 0
0 77 3
1 2745 0
0 7843 1
0 5037 1
1 6848 2
1 2853 1
1 6176 0
0 8921 1
0 6936 2
0 9395 1
0 553 0
0 965 2
0 6120 1
0 9101 1
0 2235 3
1 2135 0
0 4646 0
1 6835 2
0 5558 2
1 1241 1
0 3518 1
0 9514 1
1 4913 2
0 6553 3
0 3407 3
1 9434 1
0 8503 2
0 8591 2
0 9873 2
0 7828 0
0 2734 2
0 5670 1
1 3211 1
0 7486 3
0 1930 0
1 9699 0
0 4986 0
1 9554 2
1 55 2
0 9327 3
1 4987 0
1 3399 1
0 2905 2
0 2104 0
0 9723 2
1 3699 3
0 5082 3
0 7473 2
1 6287 3
0 9796 2
1 5784 2
1 2735 2
0 77 2
1 2745 3
0 7843 2
0 5037 0
1 6848 1
1 2853 3
1 6176 1
0 8921 2
0 6936 1
0 9395 3
0 553 0
0 965 3
0 6120 0
0 9101 3
0 2235 1
1 2135 3
0 4646 3
1 6835 1
0 5558 3
1 1241 2
0 3518 1
0 9514 2
1 4913 1
0 6553 2
0 3407 1
1 9434 1
1 9435 3
0 9873 3
0 7828 2
0 2734 3
0 5670 1
1 3211 3
0 7486 0
0 1930 3
1 9699 3
0 4986 0
1 9554 3
1 55 3
0 9327 3
1 4987 3
1 3399 2
0 2905 0
0 2104 3
0 9723 0
1 3699 3
0 5082 3
0 7473 2
1 6287 1
0 9796 0
1 5784 3
1 2735 0
0 77 1
1 2745 3
0 7843 1
0 5037 3
1 6848 0
1 2853 2
1 6176 2
0 8921 1
0 6936 2
0 9395 3
0 553 2
0 965 3
0 6120 3
0 9101 0
0 2235 3
1 2135 1
0 4646 2
1 6835 2
0 5558 0
1 1241 3
0 3518 1
0 9514 0
1 4913 3
0 6553 0
0 3407 0
1 9434 2
0 9873 0
0 7828 3
0 2734 3
0 5670 0
1 3211 3
0 7486 1
0 1930 3
1 9699 1
0 4986 0
1 9554 2
1 55 1
0 9327 0
1 4987 3
1 3399 0
0 2905 3
0 2104 0
0 9723 3
1 3699 2
0 5082 2
0 7473 3
1 6287 3
0 9796 1
1 5784 1
1 2735 2
0 77 3
1 2745 0
0 7843 1
0 5037 1
1 6848 2
1 2853 2
1 6176 2
0 8921 1
0 6936 1
0 9395 1
0 553 0
0 965 2
0 6120 2
0 9101 1
0 2235 1
1 2135 3
0 4646 2
1 6835 1
0 5558 2
1 1241 3
0 3518 3
0 9514 1
1 4913 1
0 6553 1
0 3407 3
1 9434 1
0 9873 0
0 7828 1
0 2734 0
0 5670 1
1 3211 1
0 7486 1
0 1930 1
1 9699 1
0 4986 0
1 9554 2
1 55 2
0 9327 3
1 4987 1
1 3399 1
0 2905 2
0 2104 3
0 9723 3
1 3699 1
0 5082 1
0 7473 2
1 6287 1
0 9796 1
1 5784 1
1 2735 3
0 77 1
1 2745 1
0 7843 0
0 5037 2
1 6848 1
1 2853 1
1 6176 3
0 8921 0
0 6936 0
0 9395 2
0 553 0
0 965 0
0 6120 1
0 9101 3
0 2235 3
1 2135 1
0 4646 2
1 6835 3
0 5558 2
1 1241 3
0 3518 0
0 9514 3
1 4913 3
0 6553 3
0 3407 0
1 9434 3
1 2497 0
0 9873 3
0 7828 1
0 2734 1
0 5670 1
1 3211 0
0 7486 1
0 1930 2
1 9699 0
0 4986 2
1 9554 0
1 55 0
0 9327 1
1 4987 1
1 3399 2
0 2905 2
0 2104 3
0 9723 0
1 3699 2
0 5082 3
0 7473 0
1 6287 0
0 9796 1
1 5784 1
1 2735 0
0 77 0
1 2745 2
0 7843 1
0 5037 0
1 6848 2
1 2853 2
1 6176 0
0 8921 3
0 6936 3
0 9395 2
0 553 2
0 965 1
0 6120 2
0 9101 3
0 2235 1
1 2135 2
0 4646 1
1 6835 1
0 5558 1
1 1241 2
0 3518 0
0 9514 0
1 4913 1
0 6553 0
0 3407 2
1 9434 3
0 9873 0
0 7828 2
0 2734 2
0 5670 1
1 3211 0
0 7486 2
0 1930 3
1 9699 3
0 4986 3
1 9554 1
1 55 3
0 9327 1
1 4987 0
1 3399 2
0 2905 2
0 2104 2
0 9723 0
1 3699 0
0 5082 0
0 7473 0
1 6287 3
0 9796 1
1 5784 1
1 2735 2
0 77 3
1 2745 2
0 7843 0
0 5037 2
1 6848 3
1 2853 0
1 6176 3
0 8921 3
0 6936 3
0 9395 3
0 553 2
0 965 0
0 6120 3
0 9101 2
0 2235 1
1 2135 1
0 4646 1
1 6835 3
0 5558 2
1 1241 3
0 3518 3
0 9514 0
1 4913 0
0 6553 3
0 3407 1
1 9434 3
0 9873 1
0 7828 3
0 2734 2
0 5670 2
1 3211 3
0 7486 2
0 1930 2
1 9699 0
0 4986 3
1 9554 0
1 55 1
0 9327 1
1 4987 0
1 3399 1
0 2905 1
0 2104 1
0 9723 2
1 3699 2
0 5082 3
0 7473 2
1 6287 3
0 9796 1
1 5784 0
1 2735 2
0 77 2
1 2745 3
0 7843 2
0 5037 0
1 6848 2
1 2853 1
1 6176 2
0 8921 0
0 6936 2
0 9395 3
0 553 0
0 965 3
0 6120 3
0 9101 0
0 2235 1
1 2135 2
0 4646 1
1 6835 2
0 5558 1
1 1241 1
0 3518 3
0 9514 1
1 4913 3
0 6553 3
0 3407 2
1 9434 1
0 6004 1
0 9873 3
0 7828 2
0 2734 1
0 5670 3
1 3211 2
0 7486 2
0 1930 0
1 9699 1
0 4986 2
1 9554 1
1 55 2
0 9327 0
1 4987 3
1 3399 0
0 2905 0
0 2104 1
0 9723 0
1 3699 0
0 5082 2
0 7473 0
1 6287 3
0 9796 0
1 5784 3
1 2735 2
0 77 0
1 2745 2
0 7843 3
0 5037 0
1 6848 2
1 2853 2
1 6176 1
0 8921 3
0 6936 1
0 9395 2
0 553 1
0 965 3
0 6120 2
0 9101 1
0 2235 1
1 2135 1
0 4646 0
1 6835 2
0 5558 1
1 1241 2
0 3518 0
0 9514 0
1 4913 3
0 6553 0
0 3407 0
1 9434 0
0 9873 3
0 7828 3
0 2734 2
0 5670 1
1 3211 0
0 7486 0
0 1930 0
1 9699 1
0 4986 1
1 9554 3
1 55 3
0 9327 3
1 4987 2
1 3399 0
0 2905 3
0 2104 2
0 9723 2
1 3699 0
0 5082 1
0 7473 0
1 6287 1
0 9796 1
1 5784 3
1 2735 0
0 77 0
1 2745 1
0 7843 0
0 5037 0
1 6848 1
1 2853 0
1 6176 0
0 8921 2
0 6936 1
0 9395 1
0 553 2
0 965 0
0 6120 0
0 9101 3
0 2235 1
1 2135 3
0 4646 3
1 6835 1
0 5558 0
1 1241 0
0 3518 3
0 9514 1
1 4913 1
0 6553 0
0 3407 1
1 9434 0
0 9873 2
0 7828 1
0 2734 0
0 5670 2
1 3211 2
0 7486 0
0 1930 2
1 9699 0
0 4986 1
1 9554 1
1 55 2
0 9327 2
1 4987 2
1 3399 3
0 2905 1
0 2104 0
0 9723 3
1 3699 3
0 5082 1
0 7473 1
1 6287 0
0 9796 3
1 5784 3
1 2735 1
0 77 2
1 2745 3
0 7843 2
0 5037 0
1 6848 0
1 2853 3
1 6176 2
0 8921 3
0 6936 3
0 9395 2
0 553 3
0 965 1
0 6120 0
0 9101 1
0 2235 3
1 2135 3
0 4646 2
1 6835 3
0 5558 1
1 1241 0
0 3518 0
0 9514 3
1 4913 3
0 6553 0
0 3407 0
1 9434 3
1 8360 0
0 9873 1
0 7828 1
0 2734 1
0 5670 0
1 3211 3
0 7486 2
0 1930 1
1 9699 2
0 4986 1
1 9554 2
1 55 3
0 9327 1
1 4987 2
1 3399 1
0 2905 0
0 2104 0
0 9723 3
1 3699 0
0 5082 3
0 7473 1
1 6287 3
0 9796 3
1 5784 0
1 2735 0
0 77 2
1 2745 3
0 7843 3
0 5037 3
1 6848 1
1 2853 0
1 6176 2
0 8921 3
0 6936 2
0 9395 1
0 553 2
0 965 3
0 6120 0
0 9101 1
0 2235 1
1 2135 0
0 4646 1
1 6835 0
0 5558 0
1 1241 2
0 3518 2
0 9514 2
1 4913 0
0 6553 1
0 3407 2
1 9434 3
0 9873 2
0 7828 3
0 2734 0
0 5670 3
1 3211 2
0 7486 1
0 1930 1
1 9699 3
0 4986 2
1 9554 1
1 55 0
0 9327 1
1 4987 1
1 3399 2
0 2905 1
0 2104 0
0 9723 0
1 3699 1
0 5082 2
0 7473 1
1 6287 1
0 9796 2
1 5784 0
1 2735 1
0 77 2
1 2745 0
0 7843 3
0 5037 1
1 6848 2
1 2853 1
1 6176 2
0 8921 3
0 6936 3
0 9395 0
0 553 3
0 965 2
0 6120 2
0 9101 3
0 2235 2
1 2135 0
0 4646 1
1 6835 0
0 5558 3
1 1241 2
0 3518 0
0 9514 2
1 4913 1
0 6553 1
0 3407 1
1 9434 3
0 9873 1
0 7828 3
0 2734 1
0 5670 3
1 3211 3
0 7486 1
0 1930 2
1 9699 3
0 4986 3
1 9554 3
1 55 0
0 9327 2
1 4987 2
1 3399 2
0 2905 1
0 2104 3
0 9723 0
1 3699 1
0 5082 2
0 7473 1
1 6287 1
0 9796 2
1 5784 2
1 2735 2
0 77 0
1 2745 2
0 7843 2
0 5037 2
1 6848 1
1 2853 0
1 6176 2
0 8921 0
0 6936 3
0 9395 0
0 553 2
0 965 0
0 6120 1
0 9101 3
0 2235 2
1 2135 2
0 4646 3
1 6835 0
0 5558 3
1 1241 2
0 3518 3
0 9514 3
1 4913 3
0 6553 1
0 3407 1
1 9434 1
0 9873 3
0 7828 2
0 2734 3
0 5670 3
1 3211 1
0 7486 0
0 1930 0
1 9699 1
0 4986 0
1 9554 2
1 55 0
0 9327 2
1 4987 2
1 3399 1
0 2905 2
0 2104 1
0 9723 0
1 3699 0
0 5082 0
0 7473 1
1 6287 2
0 9796 0
1 5784 2
1 2735 1
0 77 3
1 2745 3
0 7843 0
0 5037 2
1 6848 0
1 2853 2
1 6176 0
0 8921 2
0 6936 3
0 9395 0
0 553 3
0 965 2
0 6120 2
0 9101 0
0 2235 2
1 2135 1
0 4646 2
1 6835 2
0 5558 0
1 1241 2
0 3518 1
0 9514 3
1 4913 3
0 6553 2
0 3407 3
1 9434 3
0 9873 3
0 7828 0
0 2734 2
0 5670 3
1 3211 0
0 7486 1
0 1930 1
1 9699 2
0 4986 2
1 9554 1
1 55 2
0 9327 1
1 4987 2
1 3399 2
0 2905 2
0 2104 1
0 9723 1
1 3699 0
0 5082 2
0 7473 1
1 6287 0
0 9796 1
1 5784 0
1 2735 2
0 77 3
1 2745 2
0 7843 3
0 5037 2
1 6848 0
1 2853 0
1 6176 2
0 8921 3
0 6936 0
0 9395 3
0 553 2
0 965 1
0 6120 2
0 9101 3
0 2235 1
1 2135 1
0 4646 3
1 6835 3
0 5558 1
1 1241 3
0 3518 0
0 9514 3
1 4913 0
0 6553 3
0 3407 2
1 9434 1
1 9531 0
0 9873 1
0 7828 2
0 2734 0
0 5670 3
1 3211 2
0 7486 0
0 1930 0
1 9699 1
0 4986 2
1 9554 3
1 55 0
0 9327 3
1 4987 2
1 3399 0
0 2905 1
0 2104 0
0 9723 2
1 3699 0
0 5082 3
0 7473 3
1 6287 0
0 9796 1
1 5784 3
1 2735 2
0 77 0
1 2745 2
0 7843 2
0 5037 2
1 6848 2
1 2853 2
1 6176 0
0 8921 0
0 6936 1
0 9395 0
0 553 0
0 965 2
0 6120 1
0 9101 2
0 2235 2
1 2135 1
0 4646 3
1 6835 2
0 5558 2
1 1241 1
0 3518 0
0 9514 2
1 4913 1
0 6553 1
0 3407 3
1 9434 3
1 4907 3
0 9873 1
0 7828 0
0 2734 0
0 5670 2
1 3211 0
0 7486 0
0 1930 0
1 9699 0
0 4986 1
1 9554 2
1 55 0
0 9327 1
1 4987 1
1 3399 2
0 2905 2
0 2104 3
0 9723 1
1 3699 3
0 5082 3
0 7473 3
1 6287 1
0 9796 1
1 5784 3
1 2735 0
0 77 1
1 2745 1
0 7843 2
0 5037 0
1 6848 2
1 2853 0
1 6176 2
0 8921 3
0 6936 0
0 9395 3
0 553 2
0 965 2
0 6120 0
0 9101 3
0 2235 3
1 2135 1
0 4646 1
1 6835 3
0 5558 1
1 1241 0
0 3518 3
0 9514 1
1 4913 0
0 6553 2
0 3407 1
1 9434 3
0 9873 3
0 7828 2
0 2734 3
0 5670 1
1 3211 1
0 7486 2
0 1930 1
1 9699 2
0 4986 1
1 9554 3
1 55 3
0 9327 0
1 4987 3
1 3399 0
0 2905 1
0 2104 2
0 9723 1
1 3699 0
0 5082 2
0 7473 1
1 6287 3
0 9796 2
1 5784 3
1 2735 2
0 77 0
1 2745 0
0 7843 2
0 5037 0
1 6848 0
1 2853 2
1 6176 2
0 8921 2
0 6936 3
0 9395 0
0 553 1
0 965 2
0 6120 1
0 9101 2
0 2235 1
1 2135 3
0 4646 3
1 6835 3
0 5558 0
1 1241 3
0 3518 1
0 9514 0
1 4913 2
0 6553 2
0 3407 0
1 9434 2
0 9873 3
0 7828 1
0 2734 3
0 5670 3
1 3211 0
0 7486 2
0 1930 0
1 9699 1
0 4986 1
1 9554 1
1 55 3
0 9327 3
1 4987 3
1 3399 3
0 2905 0
0 2104 3
0 9723 3
1 3699 3
0 5082 1
0 7473 3
1 6287 0
0 9796 3
1 5784 2
1 2735 3
0 77 1
1 2745 2
0 7843 0
0 5037 2
1 6848 0
1 2853 2
1 6176 1
0 8921 0
0 6936 1
0 9395 0
0 553 1
0 965 0
0 6120 3
0 9101 2
0 2235 0
1 2135 2
0 4646 0
1 6835 0
0 5558 0
1 1241 0
0 3518 0
0 9514 2
1 4913 1
0 6553 0
0 3407 0
1 9434 1
0 9873 2
0 7828 2
0 2734 0
0 5670 0
1 3211 0
0 7486 0
0 1930 1
1 9699 0
0 4986 1
1 9554 1
1 55 0
0 9327 2
1 4987 2
1 3399 3
0 2905 3
0 2104 2
0 9723 2
1 3699 3
0 5082 3
0 7473 3
1 6287 1
0 9796 1
1 5784 2
1 2735 2
0 77 0
1 2745 3
0 7843 1
0 5037 3
1 6848 2
1 2853 0
1 6176 3
0 8921 0
0 6936 2
0 9395 2
0 553 3
0 965 2
0 6120 3
0 9101 1
0 2235 3
1 2135 1
0 4646 0
1 6835 0
0 5558 2
1 1241 0
0 3518 1
0 9514 1
1 4913 3
0 6553 1
0 3407 1
1 9434 0
0 9873 2
0 7828 3
0 2734 0
0 5670 2
1 3211 0
0 7486 2
0 1930 1
1 9699 3
0 4986 2
1 9554 0
1 55 1
0 9327 2
1 4987 1
1 3399 2
0 2905 2
0 2104 3
0 9723 3
1 3699 0
0 5082 3
0 7473 3
1 6287 2
0 9796 1
1 5784 3
1 2735 3
0 77 3
1 2745 0
0 7843 2
0 5037 3
1 6848 2
1 2853 2
1 6176 1
0 8921 2
0 6936 0
0 9395 2
0 553 0
0 965 1
0 6120 2
0 9101 0
0 2235 2
1 2135 1
0 4646 3
1 6835 2
0 5558 1
1 1241 2
0 3518 1
0 9514 0
1 4913 2
0 6553 2
0 3407 0
1 9434 0
0 9873 2
0 7828 3
0 2734 1
0 5670 0
1 3211 3
0 7486 3
0 1930 0
1 9699 3
0 4986 0
1 9554 2
1 55 3
0 9327 3
1 4987 0
1 3399 1
0 2905 3
0 2104 3
0 9723 2
1 3699 0
0 5082 1
0 7473 2
1 6287 3
0 9796 1
1 5784 1
1 2735 1
0 77 2
1 2745 3
0 7843 3
0 5037 0
1 6848 1
1 2853 3
1 6176 1
0 8921 2
0 6936 0
0 9395 1
0 553 1
0 965 0
0 6120 0
0 9101 1
0 2235 3
1 2135 0
0 4646 2
1 6835 0
0 5558 2
1 1241 2
0 3518 3
0 9514 1
1 4913 3
0 6553 3
0 3407 2
1 9434 3
0 9873 0
0 7828 0
0 2734 1
0 5670 3
1 3211 1
0 7486 3
0 1930 3
1 9699 3
0 4986 3
1 9554 2
1 55 2
0 9327 1
1 4987 2
1 3399 0
0 2905 3
0 2104 3
0 9723 3
1 3699 0
0 5082 0
0 7473 2
1 6287 1
0 9796 0
1 5784 0
1 2735 1
0 77 2
1 2745 0
0 7843 1
0 5037 0
1 6848 1
1 2853 0
1 6176 2
0 8921 0
0 6936 1
0 9395 0
0 553 1
0 965 1
0 6120 1
0 9101 0
0 2235 1
1 2135 0
0 4646 2
1 6835 1
0 5558 1
1 1241 2
0 3518 0
0 9514 3
1 4913 1
0 6553 1
0 3407 1
1 9434 3
0 9873 1
0 7828 2
0 2734 2
0 5670 3
1 3211 2
0 7486 3
0 1930 2
1 9699 0
0 4986 0
1 9554 1
1 55 1
0 9327 2
1 4987 2
1 3399 2
0 2905 0
0 2104 3
0 9723 3
1 3699 0
0 5082 2
0 7473 2
1 6287 3
0 9796 2
1 5784 1
1 2735 2
0 77 2
1 2745 0
0 7843 0
0 5037 0
1 6848 2
1 2853 1
1 6176 2
0 8921 2
0 6936 1
0 9395 2
0 553 1
0 965 0
0 6120 3
0 9101 0
0 2235 3
1 2135 2
0 4646 1
1 6835 2
0 5558 1
1 1241 1
0 3518 0
0 9514 0
1 4913 0
0 6553 3
0 3407 2
1 9434 0
0 9873 1
0 7828 2
0 2734 3
0 5670 3
1 3211 3
0 7486 3
0 1930 1
1 9699 0
0 4986 3
1 9554 1
1 55 0
0 9327 0
1 4987 1
1 3399 0
0 2905 2
0 2104 1
0 9723 3
1 3699 2
0 5082 3
0 7473 0
1 6287 3
0 9796 1
1 5784 2
1 2735 3
0 77 2
1 2745 0
0 7843 2
0 5037 3
1 6848 3
1 2853 0
1 6176 3
0 8921 0
0 6936 3
0 9395 2
0 553 0
0 965 3
0 6120 0
0 9101 3
0 2235 1
1 2135 2
0 4646 2
1 6835 0
0 5558 3
1 1241 2
0 3518 2
0 9514 3
1 4913 2
0 6553 2
0 3407 1
1 9434 2
1 5952 3
0 9873 0
0 7828 2
0 2734 3
0 5670 3
1 3211 2
0 7486 1
0 1930 3
1 9699 2
0 4986 3
1 9554 2
1 55 3
0 9327 3
1 4987 0
1 3399 3
0 2905 1
0 2104 2
0 9723 3
1 3699 2
0 5082 2
0 7473 0
1 6287 0
0 9796 3
1 5784 3
1 2735 2
0 77 2
1 2745 0
0 7843 3
0 5037 2
1 6848 0
1 2853 1
1 6176 3
0 8921 2
0 6936 3
0 9395 3
0 553 2
0 965 2
0 6120 1
0 9101 1
0 2235 1
1 2135 1
0 4646 0
1 6835 0
0 5558 2
1 1241 2
0 3518 2
0 9514 2
1 4913 1
0 6553 1
0 3407 3
1 9434 2
0 9873 3
0 7828 1
0 2734 2
0 5670 3
1 3211 2
0 7486 0
0 1930 3
1 9699 1
0 4986 2
1 9554 2
1 55 0
0 9327 0
1 4987 3
1 3399 1
0 2905 0
0 2104 3
0 9723 0
1 3699 3
0 5082 1
0 7473 0
1 6287 3
0 9796 0
1 5784 1
1 2735 1
0 77 2
1 2745 2
0 7843 0
0 5037 3
1 6848 2
1 2853 1
1 6176 2
0 8921 3
0 6936 2
0 9395 2
0 553 3
0 965 2
0 6120 1
0 9101 2
0 2235 3
1 2135 0
0 4646 0
1 6835 2
0 5558 3
1 1241 0
0 3518 2
0 9514 1
1 4913 1
0 6553 0
0 3407 1
1 9434 0
0 9873 3
0 7828 2
0 2734 2
0 5670 3
1 3211 2
0 7486 3
0 1930 0
1 9699 2
0 4986 3
1 9554 0
1 55 2
0 9327 2
1 4987 2
1 3399 3
0 2905 2
0 2104 0
0 9723 2
1 3699 1
0 5082 0
0 7473 2
1 6287 0
0 9796 2
1 5784 0
1 2735 1
0 77 2
1 2745 2
0 7843 0
0 5037 3
1 6848 3
1 2853 1
1 6176 1
0 8921 3
0 6936 1
0 9395 0
0 553 3
0 965 0
0 6120 3
0 9101 1
0 2235 3
1 2135 3
0 4646 1
1 6835 1
0 5558 1
1 1241 3
0 3518 0
0 9514 0
1 4913 2
0 6553 3
0 3407 2
1 9434 0
1 865 1
0 9873 3
0 7828 2
0 2734 1
0 5670 2
1 3211 1
0 7486 2
0 1930 0
1 9699 2
0 4986 3
1 9554 0
1 55 2
0 9327 2
1 4987 0
1 3399 2
0 2905 0
0 2104 0
0 9723 3
1 3699 1
0 5082 3
0 7473 3
1 6287 0
0 9796 1
1 5784 3
1 2735 1
0 77 3
1 2745 2
0 7843 3
0 5037 3
1 6848 3
1 2853 3
1 6176 1
0 8921 3
0 6936 3
0 9395 1
0 553 1
0 965 2
0 6120 3
0 9101 3
0 2235 1
1 2135 2
0 4646 1
1 6835 3
0 5558 0
1 1241 1
0 3518 1
0 9514 2
1 4913 3
0 6553 2
0 3407 2
1 9434 3
0 9873 3
0 7828 2
0 2734 1
0 5670 0
1 3211 0
0 7486 1
0 1930 2
1 9699 2
0 4986 3
1 9554 0
1 55 2
0 9327 2
1 4987 1
1 3399 0
0 2905 1
0 2104 3
0 9723 0
1 3699 1
0 5082 0
0 7473 1
1 6287 2
0 9796 0
1 5784 2
1 2735 1
0 77 0
1 2745 1
0 7843 2
0 5037 3
1 6848 2
1 2853 1
1 6176 3
0 8921 1
0 6936 2
0 9395 3
0 553 1
0 965 1
0 6120 3
0 9101 0
0 2235 2
1 2135 0
0 4646 0
1 6835 0
0 5558 3
1 1241 0
0 3518 1
0 9514 3
1 4913 3
0 6553 2
0 3407 1
1 9434 0
0 9873 0
0 7828 1
0 2734 1
0 5670 1
1 3211 3
0 7486 0
0 1930 3
1 9699 0
0 4986 0
1 9554 0
1 55 3
0 9327 1
1 4987 1
1 3399 0
0 2905 1
0 2104 3
0 9723 1
1 3699 1
0 5082 0
0 7473 2
1 6287 3
0 9796 2
1 5784 3
1 2735 0
0 77 2
1 2745 2
0 7843 2
0 5037 3
1 6848 0
1 2853 1
1 6176 0
0 8921 3
0 6936 2
0 9395 0
0 553 2
0 965 0
0 6120 0
0 9101 1
0 2235 0
1 2135 3
0 4646 2
1 6835 3
0 5558 0
1 1241 2
0 3518 2
0 9514 0
1 4913 0
0 6553 0
0 3407 3
1 9434 3
0 9873 2
0 7828 1
0 2734 0
0 5670 3
1 3211 2
0 7486 1
0 1930 1
1 9699 0
0 4986 2
1 9554 3
1 55 0
0 9327 3
1 4987 1
1 3399 3
0 2905 2
0 2104 2
0 9723 3
1 3699 1
0 5082 2
0 7473 3
1 6287 3
0 9796 1
1 5784 3
1 2735 1
0 77 0
1 2745 1
0 7843 2
0 5037 2
1 6848 1
1 2853 0
1 6176 0
0 8921 0
0 6936 2
0 9395 3
0 553 2
0 965 2
0 6120 2
0 9101 1
0 2235 2
1 2135 1
0 4646 2
1 6835 1
0 5558 0
1 1241 3
0 3518 2
0 9514 2
1 4913 1
0 6553 2
0 3407 2
1 9434 2
0 9873 0
0 7828 0
0 2734 0
0 5670 1
1 3211 1
0 7486 1
0 1930 2
1 9699 3
0 4986 1
1 9554 0
1 55 0
0 9327 1
1 4987 0
1 3399 2
0 2905 1
0 2104 1
0 9723 0
1 3699 2
0 5082 2
0 7473 0
1 6287 2
0 9796 1
1 5784 0
1 2735 0
0 77 3
1 2745 2
0 7843 1
0 5037 2
1 6848 0
1 2853 2
1 6176 3
0 8921 2
0 6936 3
0 9395 2
0 553 0
0 965 1
0 6120 0
0 9101 3
0 2235 1
1 2135 3
0 4646 1
1 6835 3
0 5558 2
1 1241 1
0 3518 2
0 9514 2
1 4913 2
0 6553 1
0 3407 3
1 9434 0
0 9873 3
0 7828 2
0 2734 1
0 5670 0
1 3211 2
0 7486 0
0 1930 1
1 9699 2
0 4986 3
1 9554 3
1 55 1
0 9327 3
1 4987 1
1 3399 1
0 2905 1
0 2104 2
0 9723 2
1 3699 3
0 5082 0
0 7473 2
1 6287 1
0 9796 0
1 5784 1
1 2735 0
0 77 1
1 2745 0
0 7843 3
0 5037 0
1 6848 1
1 2853 1
1 6176 3
0 8921 2
0 6936 0
0 9395 1
0 553 0
0 965 3
0 6120 2
0 9101 0
0 2235 3
1 2135 2
0 4646 0
1 6835 3
0 5558 0
1 1241 0
0 3518 1
0 9514 1
1 4913 1
0 6553 3
0 3407 1
1 9434 1
0 9873 1
0 7828 2
0 2734 0
0 5670 1
1 3211 0
0 7486 1
0 1930 0
1 9699 3
0 4986 1
1 9554 2
1 55 2
0 9327 2
1 4987 2
1 3399 3
0 2905 0
0 2104 0
0 9723 0
1 3699 2
0 5082 1
0 7473 0
1 6287 1
0 9796 0
1 5784 1
1 2735 0
0 77 0
1 2745 1
0 7843 0
0 5037 3
1 6848 2
1 2853 2
1 6176 2
0 8921 3
0 6936 1
0 9395 2
0 553 1
0 965 1
0 6120 3
0 9101 0
0 2235 2
1 2135 0
0 4646 2
1 6835 3
0 5558 0
1 1241 3
0 3518 2
0 9514 3
1 4913 2
0 6553 3
0 3407 2
1 9434 3
0 9873 1
0 7828 2
0 2734 0
0 5670 0
1 3211 3
0 7486 0
0 1930 1
1 9699 0
0 4986 1
1 9554 2
1 55 0
0 9327 3
1 4987 2
1 3399 3
0 2905 0
0 2104 1
0 9723 0
1 3699 1
0 5082 2
0 7473 0
1 6287 0
0 9796 3
1 5784 1
1 2735 1
0 77 1
1 2745 3
0 7843 1
0 5037 3
1 6848 0
1 2853 2
1 6176 0
0 8921 0
0 6936 0
0 9395 2
0 553 3
0 965 0
0 6120 3
0 9101 0
0 2235 3
1 2135 3
0 4646 0
1 6835 2
0 5558 3
1 1241 3
0 3518 3
0 9514 3
1 4913 0
0 6553 2
0 3407 2
1 9434 2
0 9873 0
0 7828 1
0 2734 3
0 5670 3
1 3211 0
0 7486 0
0 1930 0
1 9699 0
0 4986 3
1 9554 3
1 55 0
0 9327 2
1 4987 2
1 3399 3
0 2905 2
0 2104 2
0 9723 2
1 3699 3
0 5082 3
0 7473 0
1 6287 1
0 9796 1
1 5784 3
1 2735 0
0 77 2
1 2745 2
0 7843 1
0 5037 3
1 6848 3
1 2853 3
1 6176 2
0 8921 2
0 6936 2
0 9395 1
0 553 0
0 965 2
0 6120 2
0 9101 0
0 2235 3
1 2135 1
0 4646 3
1 6835 0
0 5558 0
1 1241 0
0 3518 1
0 9514 0
1 4913 0
0 6553 1
0 3407 1
1 9434 2
1 308 2
0 9873 3
0 7828 0
0 2734 3
0 5670 1
1 3211 1
0 7486 1
0 1930 3
1 9699 0
0 4986 0
1 9554 0
1 55 2
0 9327 0
1 4987 2
1 3399 2
0 2905 1
0 2104 2
0 9723 3
1 3699 2
0 5082 3
0 7473 1
1 6287 0
0 9796 3
1 5784 1
1 2735 0
0 77 3
1 2745 1
0 7843 2
0 5037 2
1 6848 1
1 2853 2
1 6176 1
0 8921 0
0 6936 3
0 9395 2
0 553 2
0 965 2
0 6120 1
0 9101 2
0 2235 2
1 2135 1
0 4646 0
1 6835 0
0 5558 3
1 1241 0
0 3518 2
0 9514 0
1 4913 3
0 6553 2
0 3407 3
1 9434 1
0 9873 0
0 7828 2
0 2734 2
0 5670 0
1 3211 0
0 7486 1
0 1930 3
1 9699 2
0 4986 1
1 9554 1
1 55 3
0 9327 1
1 4987 3
1 3399 1
0 2905 3
0 2104 3
0 9723 1
1 3699 0
0 5082 1
0 7473 0
1 6287 1
0 9796 1
1 5784 1
1 2735 0
0 77 0
1 2745 3
0 7843 0
0 5037 2
1 6848 3
1 2853 1
1 6176 3
0 8921 3
0 6936 1
0 9395 3
0 553 2
0 965 3
0 6120 3
0 9101 2
0 2235 1
1 2135 2
0 4646 0
1 6835 1
0 5558 1
1 1241 1
0 3518 0
0 9514 0
1 4913 0
0 6553 2
0 3407 2
1 9434 1
1 3948 1
1 1344 0
0 9873 3
0 7828 1
0 2734 0
0 5670 0
1 3211 0
0 7486 0
0 1930 3
1 9699 1
0 4986 1
1 9554 0
1 55 3
0 9327 2
1 4987 2
1 3399 2
0 2905 1
0 2104 2
0 9723 3
1 3699 1
0 5082 1
0 7473 0
1 6287 3
0 9796 1
1 5784 1
1 2735 2
0 77 2
1 2745 2
0 7843 0
0 5037 0
1 6848 2
1 2853 0
1 6176 2
0 8921 0
0 6936 0
0 9395 0
0 553 1
0 965 0
0 6120 3
0 9101 1
0 2235 1
1 2135 1
0 4646 1
1 6835 0
0 5558 3
1 1241 3
0 3518 2
0 9514 1
1 4913 2
0 6553 1
0 3407 2
1 9434 3
0 9873 3
0 7828 2
0 2734 2
0 5670 0
1 3211 1
0 7486 1
0 1930 2
1 9699 3
0 4986 1
1 9554 3
1 55 3
0 9327 0
1 4987 3
1 3399 2
0 2905 3
0 2104 3
0 9723 0
1 3699 1
0 5082 0
0 7473 2
1 6287 1
0 9796 1
1 5784 3
1 2735 3
0 77 2
1 2745 2
0 7843 3
0 5037 0
1 6848 3
1 2853 2
1 6176 2
0 8921 0
0 6936 1
0 9395 0
0 553 0
0 965 1
0 6120 0
0 9101 3
0 2235 2
1 2135 2
0 4646 3
1 6835 0
0 5558 2
1 1241 3
0 3518 1
0 9514 2
1 4913 3
0 6553 3
0 3407 3
1 9434 0
0 9873 1
0 7828 2
0 2734 0
0 5670 0
1 3211 2
0 7486 2
0 1930 2
1 9699 1
0 4986 2
1 9554 3
1 55 3
0 9327 1
1 4987 1
1 3399 3
0 2905 3
0 2104 1
0 9723 0
1 3699 0
0 5082 1
0 7473 0
1 6287 0
0 9796 3
1 5784 1
1 2735 1
0 77 3
1 2745 1
0 7843 2
0 5037 1
1 6848 0
1 2853 1
1 6176 2
0 8921 2
0 6936 3
0 9395 3
0 553 2
0 965 1
0 6120 1
0 9101 3
0 2235 2
1 2135 3
0 4646 1
1 6835 1
0 5558 1
1 1241 2
0 3518 0
0 9514 0
1 4913 1
0 6553 3
0 3407 3
1 9434 0
0 9873 1
0 7828 2
0 2734 0
0 5670 2
1 3211 0
0 7486 3
0 1930 3
1 9699 0
0 4986 2
1 9554 3
1 55 3
0 9327 1
1 4987 2
1 3399 0
0 2905 0
0 2104 3
0 9723 0
1 3699 0
0 5082 2
0 7473 2
1 6287 1
0 9796 0
1 5784 1
1 2735 0
0 77 3
1 2745 1
0 7843 0
0 5037 0
1 6848 3
1 2853 3
1 6176 0
0 8921 1
0 6936 0
0 9395 0
0 553 3
0 965 0
0 6120 3
0 9101 3
0 2235 0
1 2135 2
0 4646 1
1 6835 0
0 5558 0
1 1241 3
0 3518 0
0 9514 3
1 4913 1
0 6553 0
0 3407 2
1 9434 2
1 6306 0
0 9873 0
0 7828 1
0 2734 0
0 5670 0
1 3211 2
0 7486 0
0 1930 3
1 9699 1
0 4986 0
1 9554 3
1 55 1
0 9327 2
1 4987 1
1 3399 1
0 2905 0
0 2104 3
0 9723 2
1 3699 1
0 5082 2
0 7473 0
1 6287 2
0 9796 0
1 5784 0
1 2735 3
0 77 3
1 2745 3
0 7843 0
0 5037 0
1 6848 3
1 2853 0
1 6176 1
0 8921 1
0 6936 1
0 9395 0
0 553 3
0 965 3
0 6120 1
0 9101 0
0 2235 0
1 2135 2
0 4646 1
1 6835 0
0 5558 1
1 1241 3
0 3518 2
0 9514 3
1 4913 2
0 6553 0
0 3407 3
1 9434 1
0 9873 0
0 7828 0
0 2734 1
0 5670 0
1 3211 1
0 7486 1
0 1930 3
1 9699 1
0 4986 2
1 9554 0
1 55 1
0 9327 2
1 4987 1
1 3399 0
0 2905 0
0 2104 1
0 9723 1
1 3699 3
0 5082 1
0 7473 1
1 6287 3
0 9796 2
1 5784 0
1 2735 1
0 77 2
1 2745 0
0 7843 1
0 5037 0
1 6848 0
1 2853 1
1 6176 2
0 8921 3
0 6936 3
0 9395 0
0 553 1
0 965 3
0 6120 0
0 9101 2
0 2235 1
1 2135 2
0 4646 2
1 6835 0
0 5558 2
1 1241 3
0 3518 2
0 9514 3
1 4913 0
0 6553 0
0 3407 2
1 9434 3
0 8016 2
0 9873 1
0 7828 1
0 2734 1
0 5670 3
1 3211 3
0 7486 2
0 1930 3
1 9699 0
0 4986 1
1 9554 1
1 55 1
0 9327 2
1 4987 0
1 3399 2
0 2905 3
0 2104 3
0 9723 2
1 3699 0
0 5082 1
0 7473 3
1 6287 1
0 9796 2
1 5784 3
1 2735 2
0 77 0
1 2745 3
0 7843 1
0 5037 1
1 6848 1
1 2853 2
1 6176 1
0 8921 1
0 6936 0
0 9395 2
0 553 3
0 965 1
0 6120 3
0 9101 2
0 2235 3
1 2135 3
0 4646 2
1 6835 3
0 5558 1
1 1241 1
0 3518 0
0 9514 1
1 4913 2
0 6553 3
0 3407 2
1 9434 2
0 9873 3
0 7828 0
0 2734 1
0 5670 1
1 3211 0
0 7486 2
0 1930 0
1 9699 1
0 4986 0
1 9554 2
1 55 0
0 9327 3
1 4987 2
1 3399 3
0 2905 1
0 2104 1
0 9723 2
1 3699 3
0 5082 0
0 7473 0
1 6287 2
0 9796 0
1 5784 3
1 2735 3
0 77 1
1 2745 3
0 7843 1
0 5037 1
1 6848 2
1 2853 2
1 6176 2
0 8921 2
0 6936 0
0 9395 3
0 553 1
0 965 3
0 6120 3
0 9101 2
0 2235 3
1 2135 2
0 4646 1
1 6835 0
0 5558 3
1 1241 0
0 3518 1
0 9514 1
1 4913 0
0 6553 2
0 3407 0
1 9434 3
0 6434 3
1 3680 3
0 9873 2
0 7828 0
0 2734 1
0 5670 3
1 3211 3
0 7486 0
0 1930 3
1 9699 0
0 4986 3
1 9554 2
1 55 3
0 9327 2
1 4987 3
1 3399 3
0 2905 1
0 2104 2
0 9723 0
1 3699 3
0 5082 3
0 7473 1
1 6287 0
0 9796 1
1 5784 0
1 2735 0
0 77 2
1 2745 0
0 7843 0
0 5037 3
1 6848 1
1 2853 0
1 6176 3
0 8921 0
0 6936 3
0 9395 0
0 553 0
0 965 2
0 6120 0
0 9101 0
0 2235 0
1 2135 2
0 4646 3
1 6835 3
0 5558 2
1 1241 0
0 3518 1
0 9514 3
1 4913 1
0 6553 1
0 3407 3
1 9434 0
0 9873 3
0 7828 2
0 2734 2
0 5670 2
1 3211 2
0 7486 2
0 1930 2
1 9699 3
0 4986 2
1 9554 1
1 55 2
0 9327 1
1 4987 1
1 3399 2
0 2905 0
0 2104 2
0 9723 2
1 3699 0
0 5082 0
0 7473 1
1 6287 1
0 9796 1
1 5784 0
1 2735 2
0 77 1
1 2745 1
0 7843 2
0 5037 0
1 6848 0
1 2853 1
1 6176 0
0 8921 1
0 6936 3
0 9395 0
0 553 3
0 965 0
0 6120 1
0 9101 3
0 2235 0
1 2135 3
0 4646 0
1 6835 0
0 5558 2
1 1241 2
0 3518 1
0 9514 1
1 4913 2
0 6553 0
0 3407 3
1 9434 1
0 9873 2
0 7828 3
0 2734 0
0 5670 3
1 3211 0
0 7486 2
0 1930 3
1 9699 1
0 4986 1
1 9554 0
1 55 3
0 9327 3
1 4987 2
1 3399 0
0 2905 2
0 2104 3
0 9723 3
1 3699 0
0 5082 1
0 7473 0
1 6287 0
0 9796 1
1 5784 0
1 2735 0
0 77 1
1 2745 2
0 7843 3
0 5037 3
1 6848 1
1 2853 2
1 6176 2
0 8921 3
0 6936 0
0 9395 3
0 553 0
0 965 2
0 6120 0
0 9101 2
0 2235 3
1 2135 3
0 4646 0
1 6835 0
0 5558 3
1 1241 0
0 3518 2
0 9514 2
1 4913 0
0 6553 0
0 3407 3
1 9434 0
0 9873 0
0 7828 0
0 2734 2
0 5670 2
1 3211 0
0 7486 3
0 1930 3
1 9699 0
0 4986 3
1 9554 2
1 55 1
0 9327 3
1 4987 2
1 3399 3
0 2905 2
0 2104 1
0 9723 1
1 3699 1
0 5082 2
0 7473 2
1 6287 3
0 9796 2
1 5784 0
1 2735 2
0 77 1
1 2745 2
0 7843 1
0 5037 2
1 6848 0
1 2853 3
1 6176 3
0 8921 1
0 6936 2
0 9395 0
0 553 2
0 965 3
0 6120 1
0 9101 3
0 2235 1
1 2135 0
0 4646 2
1 6835 2
0 5558 2
1 1241 1
0 3518 1
0 9514 2
1 4913 3
0 6553 3
0 3407 2
1 9434 3
0 9873 2
0 7828 0
0 2734 3
0 5670 1
1 3211 1
0 7486 0
0 1930 1
1 9699 2
0 4986 0
1 9554 0
1 55 3
0 9327 0
1 4987 3
1 3399 0
0 2905 3
0 2104 1
0 9723 1
1 3699 0
0 5082 2
0 7473 3
1 6287 3
0 9796 3
1 5784 2
1 2735 1
0 77 2
1 2745 0
0 7843 2
0 5037 2
1 6848 2
1 2853 3
1 6176 0
0 8921 2
0 6936 0
0 9395 3
0 553 2
0 965 2
0 6120 3
0 9101 2
0 2235 0
1 2135 0
0 4646 2
1 6835 0
0 5558 0
1 1241 3
0 3518 1
0 9514 3
1 4913 3
0 6553 0
0 3407 1
1 9434 1
1 5441 0
1 323 3
0 9873 3
0 7828 2
0 2734 2
0 5670 1
1 3211 0
0 7486 1
0 1930 0
1 9699 0
0 4986 3
1 9554 3
1 55 2
0 9327 2
1 4987 0
1 3399 1
0 2905 3
0 2104 2
0 9723 1
1 3699 1
0 5082 2
0 7473 0
1 6287 2
0 9796 0
1 5784 0
1 2735 3
0 77 3
1 2745 2
0 7843 3
0 5037 1
1 6848 2
1 2853 0
1 6176 1
0 8921 3
0 6936 3
0 9395 3
0 553 1
0 965 1
0 6120 0
0 9101 0
0 2235 3
1 2135 0
0 4646 1
1 6835 3
0 5558 2
1 1241 0
0 3518 0
0 9514 3
1 4913 3
0 6553 0
0 3407 1
1 9434 1
0 9873 3
0 7828 3
0 2734 1
0 5670 1
1 3211 2
0 7486 2
0 1930 2
1 9699 1
0 4986 0
1 9554 0
1 55 2
0 9327 0
1 4987 1
1 3399 1
0 2905 1
0 2104 1
0 9723 1
1 3699 0
0 5082 0
0 7473 3
1 6287 3
0 9796 3
1 5784 1
1 2735 0
0 77 1
1 2745 2
0 7843 1
0 5037 2
1 6848 3
1 2853 3
1 6176 3
0 8921 0
0 6936 0
0 9395 0
0 553 3
0 965 3
0 6120 3
0 9101 1
0 2235 1
1 2135 1
0 4646 2
1 6835 0
0 5558 3
1 1241 2
0 3518 3
0 9514 2
1 4913 0
0 6553 1
0 3407 0
1 9434 0
1 220 1
0 9873 1
0 7828 2
0 2734 2
0 5670 0
1 3211 1
0 7486 2
0 1930 3
1 9699 2
0 4986 2
1 9554 2
1 55 0
0 9327 0
1 4987 3
1 3399 3
0 2905 0
0 2104 0
0 9723 1
1 3699 0
0 5082 1
0 7473 1
1 6287 0
0 9796 1
1 5784 0
1 2735 1
0 77 3
1 2745 0
0 7843 2
0 5037 0
1 6848 2
1 2853 0
1 6176 0
0 8921 0
0 6936 1
0 9395 3
0 553 2
0 965 3
0 6120 0
0 9101 2
0 2235 2
1 2135 2
0 4646 1
1 6835 2
0 5558 3
1 1241 3
0 3518 1
0 9514 1
1 4913 0
0 6553 1
0 3407 3
1 9434 1
0 9873 2
0 7828 2
0 2734 0
0 5670 2
1 3211 2
0 7486 1
0 1930 1
1 9699 0
0 4986 3
1 9554 0
1 55 3
0 9327 3
1 4987 0
1 3399 0
0 2905 3
0 2104 0
0 9723 1
1 3699 2
0 5082 2
0 7473 3
1 6287 3
0 9796 1
1 5784 3
1 2735 2
0 77 0
1 2745 1
0 7843 2
0 5037 0
1 6848 2
1 2853 0
1 6176 2
0 8921 3
0 6936 0
0 9395 3
0 553 0
0 965 1
0 6120 1
0 9101 0
0 2235 0
1 2135 1
0 4646 3
1 6835 3
0 5558 0
1 1241 2
0 3518 3
0 9514 2
1 4913 3
0 6553 0
0 3407 0
1 9434 1
1 525 1
0 4427 3
0 9873 0
0 7828 1
0 2734 0
0 5670 3
1 3211 0
0 7486 2
0 1930 1
1 9699 0
0 4986 3
1 9554 0
1 55 0
0 9327 1
1 4987 2
1 3399 2
0 2905 1
0 2104 3
0 9723 1
1 3699 1
0 5082 2
0 7473 2
1 6287 0
0 9796 3
1 5784 3
1 2735 1
0 77 1
1 2745 0
0 7843 3
0 5037 3
1 6848 1
1 2853 0
1 6176 3
0 8921 3
0 6936 1
0 9395 0
0 553 3
0 965 3
0 6120 2
0 9101 3
0 2235 2
1 2135 1
0 4646 2
1 6835 1
0 5558 1
1 1241 3
0 3518 2
0 9514 3
1 4913 0
0 6553 2
0 3407 1
1 9434 2
0 9873 1
0 7828 2
0 2734 1
0 5670 1
1 3211 3
0 7486 1
0 1930 0
1 9699 1
0 4986 1
1 9554 1
1 55 3
0 9327 0
1 4987 0
1 3399 2
0 2905 1
0 2104 1
0 9723 2
1 3699 1
0 5082 1
0 7473 3
1 6287 3
0 9796 1
1 5784 2
1 2735 3
0 77 3
1 2745 1
0 7843 3
0 5037 2
1 6848 2
1 2853 1
1 6176 2
0 8921 3
0 6936 0
0 9395 1
0 553 0
0 965 3
0 6120 2
0 9101 3
0 2235 1
1 2135 0
0 4646 0
1 6835 1
0 5558 0
1 1241 3
0 3518 3
0 9514 3
1 4913 2
0 6553 1
0 3407 2
1 9434 2
0 9873 0
0 7828 1
0 2734 1
0 5670 1
1 3211 1
0 7486 1
0 1930 3
1 9699 0
0 4986 1
1 9554 2
1 55 2
0 9327 2
1 4987 0
1 3399 2
0 2905 2
0 2104 3
0 9723 1
1 3699 1
0 5082 0
0 7473 3
1 6287 0
0 9796 1
1 5784 0
1 2735 3
0 77 0
1 2745 0
0 7843 1
0 5037 2
1 6848 1
1 2853 0
1 6176 0
0 8921 1
0 6936 0
0 9395 3
0 553 0
0 965 1
0 6120 0
0 9101 3
0 2235 1
1 2135 3
0 4646 2
1 6835 0
0 5558 2
1 1241 0
0 3518 0
0 9514 3
1 4913 0
0 6553 2
0 3407 3
1 9434 1
1 372 0
0 9873 0
0 7828 3
0 2734 1
0 5670 3
1 3211 1
0 7486 3
0 1930 3
1 9699 0
0 4986 3
1 9554 1
1 55 2
0 9327 2
1 4987 2
1 3399 0
0 2905 0
0 2104 2
0 9723 0
1 3699 0
0 5082 0
0 7473 3
1 6287 1
0 9796 2
1 5784 0
1 2735 3
0 77 1
1 2745 0
0 7843 1
0 5037 0
1 6848 3
1 2853 2
1 6176 0
0 8921 0
0 6936 0
0 9395 3
0 553 3
0 965 1
0 6120 2
0 9101 3
0 2235 1
1 2135 1
0 4646 1
1 6835 1
0 5558 2
1 1241 1
0 3518 3
0 9514 1
1 4913 2
0 6553 2
0 3407 3
1 9434 1
0 9873 1
0 7828 2
0 2734 3
0 5670 1
1 3211 3
0 7486 0
0 1930 1
1 9699 2
0 4986 0
1 9554 0
1 55 0
0 9327 2
1 4987 1
1 3399 1
0 2905 2
0 2104 1
0 9723 0
1 3699 3
0 5082 3
0 7473 2
1 6287 3
0 9796 3
1 5784 1
1 2735 2
0 77 3
1 2745 2
0 7843 3
0 5037 2
1 6848 2
1 2853 1
1 6176 3
0 8921 1
0 6936 2
0 9395 1
0 553 0
0 965 1
0 6120 1
0 9101 3
0 2235 2
1 2135 3
0 4646 2
1 6835 3
0 5558 3
1 1241 1
0 3518 2
0 9514 0
1 4913 2
0 6553 1
0 3407 2
1 9434 3
0 9873 3
0 7828 2
0 2734 1
0 5670 1
1 3211 3
0 7486 3
0 1930 2
1 9699 1
0 4986 3
1 9554 1
1 55 0
0 9327 3
1 4987 1
1 3399 0
0 2905 0
0 2104 2
0 9723 1
1 3699 0
0 5082 3
0 7473 3
1 6287 2
0 9796 3
1 5784 2
1 2735 3
0 77 2
1 2745 1
0 7843 2
0 5037 0
1 6848 3
1 2853 2
1 6176 2
0 8921 3
0 6936 0
0 9395 3
0 553 0
0 965 1
0 6120 0
0 9101 2
0 2235 0
1 2135 0
0 4646 1
1 6835 3
0 5558 2
1 1241 1
0 3518 0
0 9514 3
1 4913 1
0 6553 0
0 3407 0
1 9434 0
0 1976 1
0 9873 3
0 7828 1
0 2734 0
0 5670 1
1 3211 0
0 7486 0
0 1930 1
1 9699 1
0 4986 3
1 9554 0
1 55 1
0 9327 2
1 4987 0
1 3399 2
0 2905 2
0 2104 2
0 9723 0
1 3699 2
0 5082 1
0 7473 1
1 6287 1
0 9796 1
1 5784 1
1 2735 2
0 77 1
1 2745 3
0 7843 2
0 5037 1
1 6848 0
1 2853 3
1 6176 2
0 8921 1
0 6936 1
0 9395 1
0 553 3
0 965 3
0 6120 1
0 9101 0
0 2235 1
1 2135 2
0 4646 2
1 6835 0
0 5558 1
1 1241 0
0 3518 0
0 9514 1
1 4913 1
0 6553 1
0 3407 1
1 9434 0
0 9873 3
0 7828 2
0 2734 1
0 5670 0
1 3211 2
0 7486 0
0 1930 2
1 9699 1
0 4986 1
1 9554 0
1 55 3
0 9327 1
1 4987 3
1 3399 3
0 2905 3
0 2104 0
0 9723 3
1 3699 1
0 5082 2
0 7473 1
1 6287 2
0 9796 0
1 5784 3
1 2735 1
0 77 3
1 2745 3
0 7843 0
0 5037 3
1 6848 1
1 2853 3
1 6176 3
0 8921 2
0 6936 3
0 9395 2
0 553 3
0 965 3
0 6120 0
0 9101 2
0 2235 0
1 2135 2
0 4646 0
1 6835 0
0 5558 3
1 1241 3
0 3518 3
0 9514 2
1 4913 2
0 6553 1
0 3407 0
1 9434 2
1 6037 0
0 9873 3
0 7828 1
0 2734 2
0 5670 3
1 3211 3
0 7486 2
0 1930 2
1 9699 0
0 4986 2
1 9554 1
1 55 3
0 9327 0
1 4987 3
1 3399 2
0 2905 3
0 2104 1
0 9723 3
1 3699 0
0 5082 0
0 7473 0
1 6287 3
0 9796 0
1 5784 2
1 2735 3
0 77 1
1 2745 0
0 7843 1
0 5037 2
1 6848 2
1 2853 0
1 6176 0
0 8921 0
0 6936 3
0 9395 0
0 553 1
0 965 3
0 6120 1
0 9101 1
0 2235 1
1 2135 2
0 4646 1
1 6835 0
0 5558 2
1 1241 0
0 3518 3
0 9514 3
1 4913 3
0 6553 3
0 3407 2
1 9434 3
0 7157 2
0 9873 1
0 7828 1
0 2734 2
0 5670 2
1 3211 0
0 7486 3
0 1930 1
1 9699 2
0 4986 2
1 9554 3
1 55 3
0 9327 3
1 4987 0
1 3399 1
0 2905 0
0 2104 1
0 9723 3
1 3699 3
0 5082 2
0 7473 3
1 6287 2
0 9796 3
1 5784 3
1 2735 1
0 77 3
1 2745 2
0 7843 3
0 5037 3
1 6848 0
1 2853 1
1 6176 1
0 8921 0
0 6936 1
0 9395 0
0 553 2
0 965 1
0 6120 0
0 9101 0
0 2235 2
1 2135 3
0 4646 3
1 6835 1
0 5558 1
1 1241 2
0 3518 1
0 9514 0
1 4913 1
0 6553 2
0 3407 0
1 9434 0
0 9873 1
0 7828 3
0 2734 0
0 5670 2
1 3211 3
0 7486 0
0 1930 0
1 9699 3
0 4986 3
1 9554 2
1 55 0
0 9327 1
1 4987 3
1 3399 2
0 2905 2
0 2104 0
0 9723 1
1 3699 3
0 5082 2
0 7473 1
1 6287 3
0 9796 1
1 5784 0
1 2735 0
0 77 0
1 2745 3
0 7843 1
0 5037 2
1 6848 0
1 2853 3
1 6176 1
0 8921 0
0 6936 2
0 9395 2
0 553 0
0 965 0
0 6120 3
0 9101 3
0 2235 3
1 2135 2
0 4646 2
1 6835 1
0 5558 1
1 1241 2
0 3518 2
0 9514 1
1 4913 3
0 6553 0
0 3407 0
1 9434 0
0 9873 0
0 7828 1
0 2734 1
0 5670 1
1 3211 3
0 7486 2
0 1930 2
1 9699 0
0 4986 1
1 9554 2
1 55 0
0 9327 1
1 4987 0
1 3399 0
0 2905 0
0 2104 1
0 9723 1
1 3699 2
0 5082 3
0 7473 3
1 6287 2
0 9796 1
1 5784 1
1 2735 1
0 77 0
1 2745 2
0 7843 2
0 5037 0
1 6848 2
1 2853 0
1 6176 1
0 8921 2
0 6936 2
0 9395 3
0 553 1
0 965 3
0 6120 2
0 9101 0
0 2235 1
1 2135 1
0 4646 1
1 6835 2
0 5558 3
1 1241 1
0 3518 3
0 9514 0
1 4913 0
0 6553 3
0 3407 2
1 9434 0
0 9873 1
0 7828 2
0 2734 0
0 5670 1
1 3211 3
0 7486 0
0 1930 3
1 9699 0
0 4986 0
1 9554 2
1 55 2
0 9327 3
1 4987 1
1 3399 2
0 2905 3
0 2104 1
0 9723 2
1 3699 1
0 5082 1
0 7473 0
1 6287 1
0 9796 2
1 5784 2
1 2735 3
0 77 0
1 2745 3
0 7843 2
0 5037 3
1 6848 1
1 2853 1
1 6176 1
0 8921 0
0 6936 0
0 9395 2
0 553 2
0 965 2
0 6120 3
0 9101 0
0 2235 0
1 2135 0
0 4646 0
1 6835 1
0 5558 1
1 1241 0
0 3518 0
0 9514 2
1 4913 2
0 6553 1
0 3407 2
1 9434 0
0 9873 0
0 7828 0
0 2734 3
0 5670 3
1 3211 0
0 7486 2
0 1930 1
1 9699 2
0 4986 0
1 9554 3
1 55 3
0 9327 0
1 4987 3
1 3399 0
0 2905 2
0 2104 1
0 9723 0
1 3699 1
0 5082 1
0 7473 3
1 6287 1
0 9796 2
1 5784 1
1 2735 3
0 77 0
1 2745 3
0 7843 1
0 5037 0
1 6848 3
1 2853 0
1 6176 3
0 8921 0
0 6936 1
0 9395 0
0 553 2
0 965 1
0 6120 3
0 9101 3
0 2235 1
1 2135 3
0 4646 0
1 6835 1
0 5558 1
1 1241 2
0 3518 0
0 9514 1
1 4913 2
0 6553 3
0 3407 1
1 9434 2
0 9873 2
0 7828 0
0 2734 1
0 5670 3
1 3211 2
0 7486 2
0 1930 2
1 9699 3
0 4986 1
1 9554 2
1 55 3
0 9327 2
1 4987 1
1 3399 2
0 2905 3
0 2104 2
0 9723 3
1 3699 0
0 5082 0
0 7473 0
1 6287 2
0 9796 3
1 5784 0
1 2735 1
0 77 3
1 2745 1
0 7843 0
0 5037 3
1 6848 1
1 2853 0
1 6176 1
0 8921 3
0 6936 2
0 9395 0
0 553 2
0 965 0
0 6120 0
0 9101 3
0 2235 2
1 2135 0
0 4646 0
1 6835 0
0 5558 0
1 1241 1
0 3518 2
0 9514 0
1 4913 0
0 6553 3
0 3407 3
1 9434 2
0 1503 0
0 9873 1
0 7828 3
0 2734 2
0 5670 0
1 3211 3
0 7486 3
0 1930 3
1 9699 2
0 4986 0
1 9554 3
1 55 2
0 9327 3
1 4987 2
1 3399 3
0 2905 3
0 2104 2
0 9723 0
1 3699 2
0 5082 2
0 7473 2
1 6287 0
0 9796 3
1 5784 2
1 2735 0
0 77 1
1 2745 3
0 7843 2
0 5037 3
1 6848 3
1 2853 2
1 6176 0
0 8921 2
0 6936 3
0 9395 2
0 553 3
0 965 1
0 6120 3
0 9101 0
0 2235 3
1 2135 2
0 4646 1
1 6835 0
0 5558 1
1 1241 3
0 3518 3
0 9514 0
1 4913 1
0 6553 3
0 3407 3
1 9434 3
0 9873 1
0 7828 0
0 2734 3
0 5670 1
1 3211 1
0 7486 0
0 1930 0
1 9699 3
0 4986 2
1 9554 3
1 55 3
0 9327 2
1 4987 2
1 3399 1
0 2905 0
0 2104 3
0 9723 0
1 3699 3
0 5082 2
0 7473 3
1 6287 0
0 9796 0
1 5784 3
1 2735 3
0 77 2
1 2745 1
0 7843 2
0 5037 1
1 6848 0
1 2853 1
1 6176 3
0 8921 3
0 6936 1
0 9395 3
0 553 0
0 965 1
0 6120 1
0 9101 1
0 2235 2
1 2135 2
0 4646 0
1 6835 2
0 5558 2
1 1241 3
0 3518 2
0 9514 2
1 4913 0
0 6553 2
0 3407 0
1 9434 0
0 9873 0
0 7828 0
0 2734 0
0 5670 2
1 3211 1
0 7486 0
0 1930 2
1 9699 3
0 4986 1
1 9554 1
1 55 3
0 9327 2
1 4987 0
1 3399 3
0 2905 3
0 2104 0
0 9723 1
1 3699 0
0 5082 2
0 7473 1
1 6287 2
0 9796 1
1 5784 3
1 2735 2
0 77 3
1 2745 2
0 7843 1
0 5037 3
1 6848 1
1 2853 2
1 6176 0
0 8921 0
0 6936 1
0 9395 2
0 553 0
0 965 2
0 6120 1
0 9101 2
0 2235 1
1 2135 1
0 4646 2
1 6835 2
0 5558 3
1 1241 0
0 3518 3
0 9514 2
1 4913 2
0 6553 0
0 3407 1
1 9434 1
0 9873 0
0 7828 0
0 2734 2
0 5670 2
1 3211 0
0 7486 1
0 1930 2
1 9699 0
0 4986 1
1 9554 0
1 55 0
0 9327 1
1 4987 1
1 3399 3
0 2905 3
0 2104 2
0 9723 3
1 3699 3
0 5082 0
0 7473 2
1 6287 1
0 9796 3
1 5784 0
1 2735 2
0 77 0
1 2745 3
0 7843 2
0 5037 2
1 6848 0
1 2853 2
1 6176 0
0 8921 0
0 6936 0
0 9395 0
0 553 1
0 965 2
0 6120 0
0 9101 1
0 2235 3
1 2135 2
0 4646 2
1 6835 2
0 5558 0
1 1241 1
0 3518 2
0 9514 1
1 4913 3
0 6553 1
0 3407 1
1 9434 2
0 9873 1
0 7828 3
0 2734 1
0 5670 2
1 3211 1
0 7486 3
0 1930 2
1 9699 0
0 4986 1
1 9554 3
1 55 0
0 9327 1
1 4987 0
1 3399 2
0 2905 1
0 2104 1
0 9723 1
1 3699 2
0 5082 0
0 7473 0
1 6287 3
0 9796 1
1 5784 0
1 2735 1
0 77 2
1 2745 2
0 7843 0
0 5037 0
1 6848 1
1 2853 3
1 6176 3
0 8921 0
0 6936 1
0 9395 3
0 553 3
0 965 0
0 6120 2
0 9101 1
0 2235 0
1 2135 3
0 4646 1
1 6835 3
0 5558 2
1 1241 1
0 3518 2
0 9514 0
1 4913 3
0 6553 3
0 3407 2
1 9434 2
0 9873 2
0 7828 3
0 2734 0
0 5670 1
1 3211 0
0 7486 3
0 1930 2
1 9699 0
0 4986 0
1 9554 2
1 55 3
0 9327 2
1 4987 3
1 3399 0
0 2905 0
0 2104 3
0 9723 3
1 3699 3
0 5082 2
0 7473 2
1 6287 3
0 9796 1
1 5784 2
1 2735 1
0 77 3
1 2745 0
0 7843 2
0 5037 0
1 6848 1
1 2853 1
1 6176 3
0 8921 2
0 6936 0
0 9395 2
0 553 1
0 965 2
0 6120 0
0 9101 0
0 2235 2
1 2135 0
0 4646 2
1 6835 0
0 5558 3
1 1241 2
0 3518 2
0 9514 2
1 4913 3
0 6553 1
0 3407 2
1 9434 2
0 9873 0
0 7828 0
0 2734 1
0 5670 1
1 3211 1
0 7486 3
0 1930 0
1 9699 2
0 4986 1
1 9554 2
1 55 2
0 9327 2
1 4987 1
1 3399 2
0 2905 0
0 2104 1
0 9723 2
1 3699 1
0 5082 0
0 7473 2
1 6287 1
0 9796 2
1 5784 0
1 2735 0
0 77 3
1 2745 3
0 7843 1
0 5037 1
1 6848 2
1 2853 1
1 6176 1
0 8921 0
0 6936 1
0 9395 3
0 553 0
0 965 0
0 6120 1
0 9101 2
0 2235 1
1 2135 2
0 4646 1
1 6835 3
0 5558 1
1 1241 3
0 3518 2
0 9514 0
1 4913 2
0 6553 0
0 3407 2
1 9434 0
0 9873 2
0 7828 2
0 2734 1
0 5670 0
1 3211 2
0 7486 2
0 1930 1
1 9699 2
0 4986 3
1 9554 2
1 55 1
0 9327 3
1 4987 1
1 3399 2
0 2905 3
0 2104 0
0 9723 2
1 3699 1
0 5082 2
0 7473 2
1 6287 3
0 9796 2
1 5784 2
1 2735 3
0 77 2
1 2745 2
0 7843 3
0 5037 2
1 6848 1
1 2853 2
1 6176 3
0 8921 2
0 6936 2
0 9395 0
0 553 2
0 965 1
0 6120 0
0 9101 3
0 2235 1
1 2135 1
0 4646 0
1 6835 0
0 5558 0
1 1241 0
0 3518 1
0 9514 2
1 4913 1
0 6553 0
0 3407 1
1 9434 2
0 9873 1
0 7828 1
0 2734 0
0 5670 1
1 3211 2
0 7486 3
0 1930 1
1 9699 2
0 4986 1
1 9554 2
1 55 1
0 9327 1
1 4987 3
1 3399 1
0 2905 2
0 2104 2
0 9723 3
1 3699 0
0 5082 1
0 7473 1
1 6287 2
0 9796 3
1 5784 1
1 2735 1
0 77 0
1 2745 0
0 7843 2
0 5037 0
1 6848 0
1 2853 3
1 6176 0
0 8921 3
0 6936 1
0 9395 0
0 553 0
0 965 0
0 6120 3
0 9101 1
0 2235 2
1 2135 1
0 4646 0
1 6835 1
0 5558 0
1 1241 3
0 3518 1
0 9514 0
1 4913 1
0 6553 3
0 3407 3
1 9434 0
0 9873 0
0 7828 2
0 2734 3
0 5670 0
1 3211 1
0 7486 2
0 1930 2
1 9699 2
0 4986 0
1 9554 1
1 55 1
0 9327 2
1 4987 3
1 3399 2
0 2905 0
0 2104 2
0 9723 1
1 3699 3
0 5082 2
0 7473 1
1 6287 1
0 9796 1
1 5784 3
1 2735 2
0 77 3
1 2745 2
0 7843 3
0 5037 0
1 6848 3
1 2853 3
1 6176 1
0 8921 3
0 6936 2
0 9395 3
0 553 1
0 965 2
0 6120 2
0 9101 0
0 2235 2
1 2135 1
0 4646 1
1 6835 1
0 5558 3
1 1241 1
0 3518 1
0 9514 0
1 4913 0
0 6553 1
0 3407 3
1 9434 0
0 9873 3
0 7828 1
0 2734 2
0 5670 0
1 3211 0
0 7486 0
0 1930 3
1 9699 2
0 4986 0
1 9554 2
1 55 1
0 9327 3
1 4987 2
1 3399 0
0 2905 3
0 2104 1
0 9723 3
1 3699 3
0 5082 2
0 7473 2
1 6287 3
0 9796 0
1 5784 1
1 2735 1
0 77 0
1 2745 2
0 7843 3
0 5037 2
1 6848 2
1 2853 3
1 6176 0
0 8921 0
0 6936 0
0 9395 1
0 553 1
0 965 0
0 6120 1
0 9101 2
0 2235 0
1 2135 1
0 4646 1
1 6835 2
0 5558 0
1 1241 2
0 3518 2
0 9514 1
1 4913 0
0 6553 3
0 3407 2
1 9434 1
0 9873 0
0 7828 2
0 2734 0
0 5670 1
1 3211 2
0 7486 0
0 1930 0
1 9699 3
0 4986 0
1 9554 0
1 55 2
0 9327 1
1 4987 1
1 3399 0
0 2905 2
0 2104 0
0 9723 2
1 3699 2
0 5082 2
0 7473 2
1 6287 3
0 9796 2
1 5784 1
1 2735 3
0 77 1
1 2745 0
0 7843 1
0 5037 0
1 6848 3
1 2853 3
1 6176 2
0 8921 1
0 6936 1
0 9395 3
0 553 1
0 965 2
0 6120 0
0 9101 1
0 2235 2
1 2135 0
0 4646 3
1 6835 0
0 5558 1
1 1241 1
0 3518 1
0 9514 1
1 4913 3
0 6553 2
0 3407 0
1 9434 2
0 9873 3
0 7828 1
0 2734 0
0 5670 2
1 3211 0
0 7486 1
0 1930 0
1 9699 1
0 4986 2
1 9554 0
1 55 3
0 9327 0
1 4987 3
1 3399 0
0 2905 0
0 2104 0
0 9723 2
1 3699 1
0 5082 2
0 7473 1
1 6287 3
0 9796 2
1 5784 1
1 2735 0
0 77 3
1 2745 2
0 7843 2
0 5037 0
1 6848 2
1 2853 0
1 6176 2
0 8921 1
0 6936 0
0 9395 3
0 553 2
0 965 2
0 6120 2
0 9101 2
0 2235 1
1 2135 0
0 4646 1
1 6835 0
0 5558 2
1 1241 3
0 3518 0
0 9514 3
1 4913 1
0 6553 0
0 3407 3
1 9434 2
0 9873 3
0 7828 2
0 2734 3
0 5670 0
1 3211 1
0 7486 2
0 1930 1
1 9699 1
0 4986 2
1 9554 2
1 55 3
0 9327 2
1 4987 1
1 3399 2
0 2905 1
0 2104 1
0 9723 0
1 3699 1
0 5082 0
0 7473 0
1 6287 2
0 9796 3
1 5784 1
1 2735 3
0 77 2
1 2745 1
0 7843 0
0 5037 2
1 6848 1
1 2853 3
1 6176 3
0 8921 1
0 6936 3
0 9395 2
0 553 0
0 965 1
0 6120 2
0 9101 0
0 2235 2
1 2135 2
0 4646 0
1 6835 1
0 5558 1
1 1241 1
0 3518 2
0 9514 0
1 4913 3
0 6553 1
0 3407 0
1 9434 1
0 8555 3
0 9873 3
0 7828 1
0 2734 0
0 5670 1
1 3211 2
0 7486 0
0 1930 0
1 9699 3
0 4986 0
1 9554 1
1 55 0
0 9327 2
1 4987 3
1 3399 2
0 2905 0
0 2104 1
0 9723 2
1 3699 2
0 5082 3
0 7473 1
1 6287 0
0 9796 0
1 5784 1
1 2735 1
0 77 1
1 2745 3
0 7843 2
0 5037 3
1 6848 2
1 2853 0
1 6176 1
0 8921 0
0 6936 1
0 9395 0
0 553 3
0 965 0
0 6120 1
0 9101 0
0 2235 1
1 2135 0
0 4646 3
1 6835 2
0 5558 2
1 1241 1
0 3518 2
0 9514 2
1 4913 2
0 6553 2
0 3407 1
1 9434 0
0 9873 1
0 7828 2
0 2734 0
0 5670 3
1 3211 2
0 7486 1
0 1930 3
1 9699 0
0 4986 3
1 9554 1
1 55 0
0 9327 1
1 4987 3
1 3399 2
0 2905 0
0 2104 0
0 9723 1
1 3699 0
0 5082 1
0 7473 1
1 6287 0
0 9796 3
1 5784 1
1 2735 2
0 77 1
1 2745 0
0 7843 1
0 5037 2
1 6848 0
1 2853 2
1 6176 3
0 8921 0
0 6936 3
0 9395 0
0 553 1
0 965 1
0 6120 3
0 9101 2
0 2235 3
1 2135 3
0 4646 0
1 6835 2
0 5558 0
1 1241 3
0 3518 3
0 9514 2
1 4913 0
0 6553 1
0 3407 2
1 9434 3
0 9873 2
0 7828 0
0 2734 0
0 5670 2
1 3211 3
0 7486 2
0 1930 2
1 9699 3
0 4986 0
1 9554 0
1 55 2
0 9327 2
1 4987 3
1 3399 0
0 2905 2
0 2104 3
0 9723 3
1 3699 0
0 5082 0
0 7473 0
1 6287 3
0 9796 2
1 5784 1
1 2735 3
0 77 3
1 2745 1
0 7843 0
0 5037 0
1 6848 1
1 2853 1
1 6176 1
0 8921 0
0 6936 3
0 9395 0
0 553 1
0 965 2
0 6120 0
0 9101 3
0 2235 3
1 2135 0
0 4646 0
1 6835 3
0 5558 0
1 1241 2
0 3518 2
0 9514 0
1 4913 3
0 6553 3
0 3407 1
1 9434 1
0 9873 0
0 7828 0
0 2734 1
0 5670 1
1 3211 1
0 7486 1
0 1930 1
1 9699 1
0 4986 0
1 9554 3
1 55 0
0 9327 3
1 4987 1
1 3399 0
0 2905 3
0 2104 2
0 9723 0
1 3699 3
0 5082 1
0 7473 1
1 6287 1
0 9796 3
1 5784 2
1 2735 1
0 77 1
1 2745 3
0 7843 2
0 5037 3
1 6848 3
1 2853 3
1 6176 1
0 8921 1
0 6936 2
0 9395 2
0 553 1
0 965 3
0 6120 2
0 9101 1
0 2235 3
1 2135 0
0 4646 1
1 6835 1
0 5558 1
1 1241 0
0 3518 3
0 9514 1
1 4913 3
0 6553 0
0 3407 0
1 9434 3
0 3273 3
0 9873 1
0 7828 1
0 2734 3
0 5670 0
1 3211 3
0 7486 2
0 1930 1
1 9699 2
0 4986 0
1 9554 2
1 55 2
0 9327 1
1 4987 2
1 3399 3
0 2905 0
0 2104 3
0 9723 2
1 3699 2
0 5082 2
0 7473 1
1 6287 1
0 9796 3
1 5784 2
1 2735 2
0 77 3
1 2745 2
0 7843 0
0 5037 0
1 6848 1
1 2853 0
1 6176 1
0 8921 0
0 6936 3
0 9395 2
0 553 3
0 965 0
0 6120 3
0 9101 1
0 2235 3
1 2135 2
0 4646 0
1 6835 1
0 5558 2
1 1241 2
0 3518 3
0 9514 3
1 4913 0
0 6553 0
0 3407 2
1 9434 0
1 3370 0
0 9873 1
0 7828 2
0 2734 3
0 5670 2
1 3211 1
0 7486 0
0 1930 3
1 9699 2
0 4986 1
1 9554 0
1 55 2
0 9327 1
1 4987 3
1 3399 2
0 2905 2
0 2104 1
0 9723 2
1 3699 1
0 5082 2
0 7473 0
1 6287 0
0 9796 1
1 5784 2
1 2735 3
0 77 3
1 2745 1
0 7843 2
0 5037 1
1 6848 1
1 2853 2
1 6176 3
0 8921 0
0 6936 0
0 9395 2
0 553 2
0 965 1
0 6120 2
0 9101 0
0 2235 1
1 2135 0
0 4646 0
1 6835 3
0 5558 3
1 1241 3
0 3518 1
0 9514 1
1 4913 0
0 6553 3
0 3407 2
1 9434 2
0 9873 2
0 7828 3
0 2734 1
0 5670 1
1 3211 3
0 7486 0
0 1930 2
1 9699 0
0 4986 3
1 9554 1
1 55 1
0 9327 2
1 4987 2
1 3399 3
0 2905 2
0 2104 0
0 9723 1
1 3699 0
0 5082 2
0 7473 3
1 6287 1
0 9796 1
1 5784 0
1 2735 1
0 77 3
1 2745 2
0 7843 3
0 5037 3
1 6848 1
1 2853 1
1 6176 0
0 8921 3
0 6936 2
0 9395 3
0 553 3
0 965 3
0 6120 2
0 9101 3
0 2235 2
1 2135 2
0 4646 0
1 6835 0
0 5558 0
1 1241 0
0 3518 3
0 9514 1
1 4913 3
0 6553 0
0 3407 2
1 9434 3
0 9873 3
0 7828 3
0 2734 0
0 5670 1
1 3211 2
0 7486 3
0 1930 1
1 9699 1
0 4986 0
1 9554 0
1 55 1
0 9327 2
1 4987 3
1 3399 2
0 2905 3
0 2104 2
0 9723 0
1 3699 2
0 5082 0
0 7473 1
1 6287 1
0 9796 0
1 5784 2
1 2735 3
0 77 2
1 2745 0
0 7843 0
0 5037 1
1 6848 2
1 2853 0
1 6176 3
0 8921 2
0 6936 3
0 9395 0
0 553 0
0 965 0
0 6120 0
0 9101 2
0 2235 0
1 2135 3
0 4646 2
1 6835 2
0 5558 0
1 1241 1
0 3518 1
0 9514 0
1 4913 0
0 6553 2
0 3407 1
1 9434 1
0 9873 2
0 7828 0
0 2734 0
0 5670 3
1 3211 1
0 7486 2
0 1930 2
1 9699 2
0 4986 3
1 9554 2
1 55 0
0 9327 0
1 4987 0
1 3399 2
0 2905 3
0 2104 3
0 9723 1
1 3699 2
0 5082 3
0 7473 1
1 6287 0
0 9796 1
1 5784 1
1 2735 3
0 77 0
1 2745 2
0 7843 3
0 5037 3
1 6848 1
1 2853 1
1 6176 2
0 8921 2
0 6936 2
0 9395 0
0 553 2
0 965 2
0 6120 3
0 9101 3
0 2235 3
1 2135 0
0 4646 1
1 6835 1
0 5558 0
1 1241 1
0 3518 0
0 9514 1
1 4913 3
0 6553 3
0 3407 1
1 9434 1
0 9873 1
0 7828 0
0 2734 2
0 5670 3
1 3211 2
0 7486 0
0 1930 0
1 9699 3
0 4986 1
1 9554 0
1 55 0
0 9327 1
1 4987 0
1 3399 0
0 2905 3
0 2104 3
0 9723 1
1 3699 1
0 5082 1
0 7473 1
1 6287 2
0 9796 0
1 5784 2
1 2735 1
0 77 0
1 2745 2
0 7843 3
0 5037 2
1 6848 1
1 2853 0
1 6176 0
0 8921 0
0 6936 0
0 9395 1
0 553 0
0 965 2
0 6120 1
0 9101 0
0 2235 2
1 2135 0
0 4646 1
1 6835 2
0 5558 3
1 1241 1
0 3518 0
0 9514 1
1 4913 3
0 6553 0
0 3407 2
1 9434 2
0 9873 3
0 7828 3
0 2734 0
0 5670 1
1 3211 0
0 7486 3
0 1930 1
1 9699 0
0 4986 3
1 9554 0
1 55 1
0 9327 3
1 4987 3
1 3399 1
0 2905 0
0 2104 3
0 9723 0
1 3699 3
0 5082 1
0 7473 1
1 6287 2
0 9796 2
1 5784 1
1 2735 0
0 77 0
1 2745 2
0 7843 0
0 5037 0
1 6848 3
1 2853 2
1 6176 2
0 8921 1
0 6936 0
0 9395 1
0 553 0
0 965 3
0 6120 3
0 9101 3
0 2235 2
1 2135 1
0 4646 2
1 6835 2
0 5558 0
1 1241 3
0 3518 1
0 9514 2
1 4913 0
0 6553 0
0 3407 3
1 9434 1
1 2509 3
0 9229 2
0 9873 0
0 7828 2
0 2734 1
0 5670 2
1 3211 0
0 7486 2
0 1930 2
1 9699 1
0 4986 3
1 9554 0
1 55 0
0 9327 0
1 4987 0
1 3399 3
0 2905 2
0 2104 3
0 9723 2
1 3699 2
0 5082 1
0 7473 3
1 6287 2
0 9796 2
1 5784 3
1 2735 1
0 77 3
1 2745 1
0 7843 1
0 5037 3
1 6848 2
1 2853 0
1 6176 3
0 8921 3
0 6936 1
0 9395 3
0 553 2
0 965 2
0 6120 3
0 9101 0
0 2235 3
1 2135 3
0 4646 1
1 6835 1
0 5558 1
1 1241 0
0 3518 0
0 9514 2
1 4913 3
0 6553 3
0 3407 2
1 9434 2
0 9873 1
0 7828 1
0 2734 1
0 5670 1
1 3211 0
0 7486 2
0 1930 2
1 9699 0
0 4986 3
1 9554 2
1 55 1
0 9327 2
1 4987 2
1 3399 3
0 2905 0
0 2104 3
0 9723 1
1 3699 0
0 5082 2
0 7473 0
1 6287 1
0 9796 2
1 5784 0
1 2735 0
0 77 1
1 2745 2
0 7843 3
0 5037 2
1 6848 3
1 2853 3
1 6176 2
0 8921 0
0 6936 3
0 9395 2
0 553 0
0 965 3
0 6120 3
0 9101 2
0 2235 0
1 2135 0
0 4646 0
1 6835 1
0 5558 1
1 1241 3
0 3518 3
0 9514 0
1 4913 0
0 6553 2
0 3407 0
1 9434 2
0 9873 0
0 7828 3
0 2734 1
0 5670 0
1 3211 3
0 7486 0
0 1930 0
1 9699 3
0 4986 3
1 9554 1
1 55 0
0 9327 0
1 4987 3
1 3399 0
0 2905 3
0 2104 3
0 9723 1
1 3699 3
0 5082 1
0 7473 0
1 6287 1
0 9796 2
1 5784 3
1 2735 2
0 77 2
1 2745 0
0 7843 2
0 5037 3
1 6848 0
1 2853 2
1 6176 2
0 8921 2
0 6936 1
0 9395 2
0 553 2
0 965 1
0 6120 3
0 9101 0
0 2235 1
1 2135 0
0 4646 1
1 6835 1
0 5558 1
1 1241 1
0 3518 2
0 9514 2
1 4913 3
0 6553 2
0 3407 2
1 9434 3
0 9873 0
0 7828 2
0 2734 3
0 5670 1
1 3211 1
0 7486 2
0 1930 2
1 9699 0
0 4986 1
1 9554 1
1 55 0
0 9327 3
1 4987 0
1 3399 1
0 2905 2
0 2104 1
0 9723 3
1 3699 0
0 5082 2
0 7473 1
1 6287 3
0 9796 2
1 5784 0
1 2735 2
0 77 2
1 2745 3
0 7843 2
0 5037 3
1 6848 1
1 2853 3
1 6176 0
0 8921 2
0 6936 1
0 9395 0
0 553 0
0 965 2
0 6120 3
0 9101 1
0 2235 0
1 2135 3
0 4646 2
1 6835 1
0 5558 1
1 1241 1
0 3518 2
0 9514 1
1 4913 2
0 6553 3
0 3407 2
1 9434 1
0 9873 1
0 7828 1
0 2734 0
0 5670 2
1 3211 0
0 7486 1
0 1930 3
1 9699 3
0 4986 1
1 9554 0
1 55 0
0 9327 1
1 4987 0
1 3399 0
0 2905 3
0 2104 0
0 9723 2
1 3699 2
0 5082 1
0 7473 0
1 6287 2
0 9796 2
1 5784 3
1 2735 2
0 77 0
1 2745 0
0 7843 1
0 5037 3
1 6848 3
1 2853 2
1 6176 0
0 8921 3
0 6936 0
0 9395 0
0 553 0
0 965 2
0 6120 2
0 9101 0
0 2235 2
1 2135 2
0 4646 0
1 6835 3
0 5558 1
1 1241 3
0 3518 1
0 9514 3
1 4913 3
0 6553 1
0 3407 2
1 9434 0
0 5405 1
1 6441 2
0 9873 0
0 7828 2
0 2734 3
0 5670 3
1 3211 2
0 7486 2
0 1930 2
1 9699 2
0 4986 1
1 9554 0
1 55 1
0 9327 0
1 4987 2
1 3399 0
0 2905 3
0 2104 2
0 9723 2
1 3699 3
0 5082 0
0 7473 0
1 6287 3
0 9796 1
1 5784 3
1 2735 3
0 77 3
1 2745 0
0 7843 3
0 5037 1
1 6848 3
1 2853 3
1 6176 1
0 8921 0
0 6936 2
0 9395 3
0 553 1
0 965 3
0 6120 2
0 9101 0
0 2235 1
1 2135 2
0 4646 2
1 6835 3
0 5558 2
1 1241 0
0 3518 1
0 9514 2
1 4913 2
0 6553 2
0 3407 1
1 9434 0
1 2543 3
0 9873 0
0 7828 3
0 2734 0
0 5670 0
1 3211 3
0 7486 3
0 1930 2
1 9699 3
0 4986 0
1 9554 1
1 55 2
0 9327 0
1 4987 0
1 3399 0
0 2905 1
0 2104 3
0 9723 3
1 3699 2
0 5082 2
0 7473 2
1 6287 0
0 9796 3
1 5784 1
1 2735 1
0 77 2
1 2745 1
0 7843 0
0 5037 1
1 6848 0
1 2853 1
1 6176 1
0 8921 0
0 6936 0
0 9395 1
0 553 0
0 965 0
0 6120 1
0 9101 2
0 2235 3
1 2135 2
0 4646 3
1 6835 0
0 5558 3
1 1241 0
0 3518 2
0 9514 3
1 4913 1
0 6553 2
0 3407 3
1 9434 0
0 9873 0
0 7828 2
0 2734 1
0 5670 1
1 3211 1
0 7486 2
0 1930 1
1 9699 1
0 4986 0
1 9554 3
1 55 0
0 9327 2
1 4987 2
1 3399 1
0 2905 1
0 2104 0
0 9723 3
1 3699 2
0 5082 1
0 7473 1
1 6287 0
0 9796 2
1 5784 3
1 2735 3
0 77 2
1 2745 0
0 7843 0
0 5037 1
1 6848 0
1 2853 0
1 6176 1
0 8921 0
0 6936 2
0 9395 3
0 553 3
0 965 3
0 6120 0
0 9101 2
0 2235 2
1 2135 1
0 4646 1
1 6835 3
0 5558 1
1 1241 2
0 3518 2
0 9514 0
1 4913 1
0 6553 1
0 3407 2
1 9434 1
0 9873 0
0 7828 3
0 2734 1
0 5670 3
1 3211 1
0 7486 0
0 1930 3
1 9699 3
0 4986 0
1 9554 0
1 55 3
0 9327 1
1 4987 0
1 3399 3
0 2905 2
0 2104 0
0 9723 2
1 3699 0
0 5082 2
0 7473 0
1 6287 3
0 9796 3
1 5784 3
1 2735 3
0 77 2
1 2745 0
0 7843 1
0 5037 3
1 6848 2
1 2853 3
1 6176 3
0 8921 1
0 6936 1
0 9395 1
0 553 3
0 965 0
0 6120 1
0 9101 3
0 2235 0
1 2135 3
0 4646 2
1 6835 2
0 5558 0
1 1241 3
0 3518 0
0 9514 3
1 4913 1
0 6553 1
0 3407 2
1 9434 0
0 9873 2
0 7828 0
0 2734 2
0 5670 1
1 3211 3
0 7486 1
0 1930 0
1 9699 0
0 4986 3
1 9554 0
1 55 0
0 9327 0
1 4987 3
1 3399 3
0 2905 0
0 2104 2
0 9723 1
1 3699 0
0 5082 0
0 7473 0
1 6287 1
0 9796 3
1 5784 2
1 2735 2
0 77 0
1 2745 1
0 7843 2
0 5037 2
1 6848 1
1 2853 0
1 6176 3
0 8921 1
0 6936 0
0 9395 3
0 553 2
0 965 3
0 6120 1
0 9101 3
0 2235 2
1 2135 0
0 4646 2
1 6835 1
0 5558 3
1 1241 0
0 3518 0
0 9514 2
1 4913 3
0 6553 0
0 3407 3
1 9434 1
0 9873 2
0 7828 0
0 2734 0
0 5670 0
1 3211 3
0 7486 3
0 1930 2
1 9699 0
0 4986 3
1 9554 1
1 55 3
0 9327 3
1 4987 0
1 3399 3
0 2905 0
0 2104 3
0 9723 2
1 3699 0
0 5082 0
0 7473 2
1 6287 3
0 9796 3
1 5784 3
1 2735 2
0 77 3
1 2745 1
0 7843 3
0 5037 2
1 6848 2
1 2853 2
1 6176 0
0 8921 0
0 6936 1
0 9395 1
0 553 0
0 965 0
0 6120 1
0 9101 1
0 2235 3
1 2135 1
0 4646 2
1 6835 0
0 5558 3
1 1241 3
0 3518 3
0 9514 3
1 4913 3
0 6553 1
0 3407 2
1 9434 0
0 9873 0
0 7828 3
0 2734 3
0 5670 1
1 3211 0
0 7486 0
0 1930 1
1 9699 1
0 4986 0
1 9554 0
1 55 1
0 9327 2
1 4987 0
1 3399 0
0 2905 3
0 2104 0
0 9723 2
1 3699 1
0 5082 1
0 7473 0
1 6287 2
0 9796 3
1 5784 3
1 2735 0
0 77 3
1 2745 2
0 7843 3
0 5037 1
1 6848 1
1 2853 3
1 6176 2
0 8921 1
0 6936 0
0 9395 1
0 553 2
0 965 0
0 6120 0
0 9101 0
0 2235 1
1 2135 0
0 4646 3
1 6835 1
0 5558 0
1 1241 2
0 3518 1
0 9514 0
1 4913 3
0 6553 2
0 3407 2
1 9434 3
0 9873 2
0 7828 1
0 2734 0
0 5670 2
1 3211 3
0 7486 3
0 1930 0
1 9699 0
0 4986 1
1 9554 1
1 55 1
0 9327 2
1 4987 1
1 3399 2
0 2905 1
0 2104 3
0 9723 3
1 3699 0
0 5082 3
0 7473 0
1 6287 0
0 9796 2
1 5784 3
1 2735 0
0 77 0
1 2745 3
0 7843 1
0 5037 0
1 6848 0
1 2853 1
1 6176 3
0 8921 1
0 6936 0
0 9395 3
0 553 0
0 965 0
0 6120 3
0 9101 3
0 2235 3
1 2135 1
0 4646 3
1 6835 2
0 5558 3
1 1241 3
0 3518 3
0 9514 3
1 4913 2
0 6553 3
0 3407 2
1 9434 3
1 3686 1
0 9873 1
0 7828 0
0 2734 1
0 5670 3
1 3211 3
0 7486 2
0 1930 1
1 9699 0
0 4986 1
1 9554 2
1 55 1
0 9327 2
1 4987 2
1 3399 1
0 2905 3
0 2104 1
0 9723 3
1 3699 0
0 5082 1
0 7473 2
1 6287 2
0 9796 1
1 5784 1
1 2735 1
0 77 1
1 2745 2
0 7843 1
0 5037 2
1 6848 1
1 2853 1
1 6176 1
0 8921 1
0 6936 2
0 9395 3
0 553 1
0 965 2
0 6120 0
0 9101 3
0 2235 3
1 2135 3
0 4646 0
1 6835 1
0 5558 1
1 1241 3
0 3518 3
0 9514 0
1 4913 3
0 6553 3
0 3407 2
1 9434 3
0 9873 2
0 7828 2
0 2734 3
0 5670 1
1 3211 3
0 7486 2
0 1930 1
1 9699 2
0 4986 2
1 9554 3
1 55 2
0 9327 0
1 4987 2
1 3399 0
0 2905 0
0 2104 2
0 9723 1
1 3699 2
0 5082 3
0 7473 0
1 6287 0
0 9796 1
1 5784 0
1 2735 1
0 77 3
1 2745 0
0 7843 0
0 5037 3
1 6848 1
1 2853 1
1 6176 0
0 8921 1
0 6936 3
0 9395 0
0 553 3
0 965 0
0 6120 2
0 9101 2
0 2235 2
1 2135 2
0 4646 0
1 6835 1
0 5558 3
1 1241 3
0 3518 3
0 9514 2
1 4913 0
0 6553 0
0 3407 2
1 9434 2
0 9873 2
0 7828 3
0 2734 1
0 5670 3
1 3211 3
0 7486 2
0 1930 0
1 9699 1
0 4986 0
1 9554 2
1 55 1
0 9327 0
1 4987 2
1 3399 1
0 2905 0
0 2104 3
0 9723 0
1 3699 3
0 5082 0
0 7473 2
1 6287 1
0 9796 1
1 5784 2
1 2735 2
0 77 2
1 2745 3
0 7843 1
0 5037 2
1 6848 0
1 2853 3
1 6176 3
0 8921 1
0 6936 3
0 9395 0
0 553 3
0 965 3
0 6120 1
0 9101 3
0 2235 0
1 2135 0
0 4646 0
1 6835 0
0 5558 1
1 1241 2
0 3518 1
0 9514 3
1 4913 1
0 6553 3
0 3407 3
1 9434 1
1 895 1
0 9873 3
0 7828 2
0 2734 0
0 5670 1
1 3211 2
0 7486 0
0 1930 0
1 9699 2
0 4986 2
1 9554 2
1 55 3
0 9327 0
1 4987 3
1 3399 2
0 2905 3
0 2104 3
0 9723 0
1 3699 0
0 5082 1
0 7473 1
1 6287 2
0 9796 1
1 5784 3
1 2735 0
0 77 1
1 2745 0
0 7843 2
0 5037 3
1 6848 0
1 2853 1
1 6176 0
0 8921 3
0 6936 0
0 9395 1
0 553 0
0 965 1
0 6120 0
0 9101 1
0 2235 3
1 2135 2
0 4646 0
1 6835 2
0 5558 3
1 1241 3
0 3518 3
0 9514 1
1 4913 3
0 6553 3
0 3407 1
1 9434 1
0 9873 3
0 7828 1
0 2734 2
0 5670 3
1 3211 0
0 7486 3
0 1930 3
1 9699 0
0 4986 1
1 9554 1
1 55 1
0 9327 1
1 4987 3
1 3399 3
0 2905 1
0 2104 0
0 9723 1
1 3699 1
0 5082 3
0 7473 3
1 6287 0
0 9796 0
1 5784 1
1 2735 1
0 77 1
1 2745 0
0 7843 0
0 5037 1
1 6848 1
1 2853 0
1 6176 2
0 8921 3
0 6936 1
0 9395 2
0 553 3
0 965 0
0 6120 2
0 9101 0
0 2235 3
1 2135 0
0 4646 1
1 6835 3
0 5558 0
1 1241 2
0 3518 2
0 9514 0
1 4913 0
0 6553 0
0 3407 2
1 9434 0
0 9873 3
0 7828 0
0 2734 0
0 5670 2
1 3211 1
0 7486 2
0 1930 0
1 9699 2
0 4986 1
1 9554 3
1 55 0
0 9327 2
1 4987 0
1 3399 3
0 2905 1
0 2104 2
0 9723 1
1 3699 1
0 5082 1
0 7473 2
1 6287 2
0 9796 0
1 5784 1
1 2735 3
0 77 1
1 2745 1
0 7843 1
0 5037 0
1 6848 3
1 2853 0
1 6176 1
0 8921 3
0 6936 0
0 9395 1
0 553 3
0 965 1
0 6120 3
0 9101 1
0 2235 2
1 2135 3
0 4646 1
1 6835 1
0 5558 1
1 1241 3
0 3518 0
0 9514 2
1 4913 2
0 6553 2
0 3407 0
1 9434 2
0 9873 3
0 7828 2
0 2734 2
0 5670 3
1 3211 0
0 7486 3
0 1930 0
1 9699 0
0 4986 0
1 9554 3
1 55 2
0 9327 1
1 4987 1
1 3399 2
0 2905 0
0 2104 2
0 9723 2
1 3699 3
0 5082 3
0 7473 3
1 6287 3
0 9796 3
1 5784 2
1 2735 0
0 77 0
1 2745 0
0 7843 2
0 5037 2
1 6848 3
1 2853 3
1 6176 0
0 8921 0
0 6936 2
0 9395 3
0 553 2
0 965 2
0 6120 1
0 9101 0
0 2235 2
1 2135 1
0 4646 3
1 6835 2
0 5558 1
1 1241 3
0 3518 3
0 9514 1
1 4913 0
0 6553 0
0 3407 1
1 9434 0
1 1938 0
0 9873 0
0 7828 0
0 2734 0
0 5670 2
1 3211 0
0 7486 2
0 1930 0
1 9699 0
0 4986 2
1 9554 3
1 55 2
0 9327 0
1 4987 1
1 3399 1
0 2905 3
0 2104 3
0 9723 2
1 3699 3
0 5082 1
0 7473 1
1 6287 3
0 9796 3
1 5784 0
1 2735 2
0 77 1
1 2745 2
0 7843 3
0 5037 2
1 6848 3
1 2853 1
1 6176 1
0 8921 0
0 6936 1
0 9395 1
0 553 0
0 965 2
0 6120 1
0 9101 1
0 2235 1
1 2135 2
0 4646 0
1 6835 2
0 5558 0
1 1241 1
0 3518 0
0 9514 3
1 4913 2
0 6553 1
0 3407 1
1 9434 3
1 8562 0
1 9481 1
1 3446 2
0 4155 2
0 2651 1
1 8901 3
0 9873 1
0 7828 0
0 2734 1
0 5670 3
1 3211 1
0 7486 1
0 1930 3
1 9699 2
0 4986 1
1 9554 3
1 55 1
0 9327 2
1 4987 2
1 3399 1
0 2905 2
0 2104 3
0 9723 3
1 3699 0
0 5082 2
0 7473 1
1 6287 3
0 9796 3
1 5784 3
1 2735 0
0 77 2
1 2745 1
0 7843 2
0 5037 1
1 6848 2
1 2853 2
1 6176 3
0 8921 3
0 6936 3
0 9395 0
0 553 2
0 965 3
0 6120 2
0 9101 3
0 2235 3
1 2135 1
0 4646 2
1 6835 2
0 5558 0
1 1241 0
0 3518 1
0 9514 0
1 4913 2
0 6553 0
0 3407 2
1 9434 3
1 7230 0
0 9873 3
0 7828 0
0 2734 0
0 5670 1
1 3211 0
0 7486 0
0 1930 1
1 9699 0
0 4986 2
1 9554 0
1 55 0
0 9327 2
1 4987 2
1 3399 2
0 2905 1
0 2104 3
0 9723 3
1 3699 0
0 5082 3
0 7473 0
1 6287 3
0 9796 1
1 5784 3
1 2735 3
0 77 2
1 2745 3
0 7843 3
0 5037 0
1 6848 1
1 2853 1
1 6176 3
0 8921 1
0 6936 2
0 9395 3
0 553 2
0 965 0
0 6120 1
0 9101 0
0 2235 1
1 2135 3
0 4646 2
1 6835 3
0 5558 0
1 1241 1
0 3518 3
0 9514 1
1 4913 2
0 6553 3
0 3407 1
1 9434 2
0 9873 1
0 7828 2
0 2734 2
0 5670 0
1 3211 2
0 7486 3
0 1930 2
1 9699 2
0 4986 1
1 9554 3
1 55 3
0 9327 3
1 4987 2
1 3399 1
0 2905 2
0 2104 2
0 9723 1
1 3699 2
0 5082 1
0 7473 3
1 6287 1
0 9796 0
1 5784 1
1 2735 1
0 77 3
1 2745 0
0 7843 0
0 5037 3
1 6848 3
1 2853 3
1 6176 1
0 8921 1
0 6936 3
0 9395 3
0 553 1
0 965 1
0 6120 0
0 9101 1
0 2235 0
1 2135 2
0 4646 2
1 6835 0
0 5558 1
1 1241 0
0 3518 0
0 9514 0
1 4913 2
0 6553 0
0 3407 2
1 9434 3
0 9873 1
0 7828 0
0 2734 0
0 5670 1
1 3211 2
0 7486 0
0 1930 3
1 9699 3
0 4986 2
1 9554 0
1 55 1
0 9327 0
1 4987 2
1 3399 2
0 2905 0
0 2104 2
0 9723 2
1 3699 3
0 5082 1
0 7473 1
1 6287 3
0 9796 1
1 5784 3
1 2735 2
0 77 2
1 2745 1
0 7843 3
0 5037 3
1 6848 1
1 2853 1
1 6176 2
0 8921 0
0 6936 2
0 9395 2
0 553 2
0 965 0
0 6120 0
0 9101 0
0 2235 1
1 2135 1
0 4646 2
1 6835 0
0 5558 2
1 1241 0
0 3518 1
0 9514 2
1 4913 2
0 6553 0
0 3407 1
1 9434 1
0 9873 0
0 7828 3
0 2734 0
0 5670 2
1 3211 3
0 7486 2
0 1930 2
1 9699 1
0 4986 0
1 9554 0
1 55 0
0 9327 2
1 4987 3
1 3399 2
0 2905 2
0 2104 2
0 9723 2
1 3699 2
0 5082 3
0 7473 2
1 6287 3
0 9796 3
1 5784 0
1 2735 0
0 77 1
1 2745 2
0 7843 0
0 5037 1
1 6848 0
1 2853 0
1 6176 1
0 8921 2
0 6936 2
0 9395 0
0 553 2
0 965 3
0 6120 0
0 9101 3
0 2235 0
1 2135 3
0 4646 2
1 6835 1
0 5558 1
1 1241 2
0 3518 2
0 9514 1
1 4913 3
0 6553 3
0 3407 2
1 9434 0
0 1632 2
0 9873 1
0 7828 2
0 2734 1
0 5670 2
1 3211 1
0 7486 2
0 1930 2
1 9699 2
0 4986 3
1 9554 3
1 55 1
0 9327 3
1 4987 3
1 3399 0
0 2905 1
0 2104 1
0 9723 1
1 3699 0
0 5082 0
0 7473 3
1 6287 3
0 9796 3
1 5784 0
1 2735 3
0 77 3
1 2745 1
0 7843 2
0 5037 3
1 6848 1
1 2853 1
1 6176 2
0 8921 1
0 6936 2
0 9395 3
0 553 3
0 965 1
0 6120 1
0 9101 1
0 2235 0
1 2135 2
0 4646 2
1 6835 2
0 5558 3
1 1241 2
0 3518 2
0 9514 3
1 4913 1
0 6553 3
0 3407 3
1 9434 3
0 6777 2
1 5244 2
0 9873 3
0 7828 2
0 2734 1
0 5670 3
1 3211 2
0 7486 3
0 1930 1
1 9699 3
0 4986 2
1 9554 3
1 55 1
0 9327 1
1 4987 0
1 3399 3
0 2905 3
0 2104 1
0 9723 1
1 3699 0
0 5082 3
0 7473 2
1 6287 0
0 9796 1
1 5784 3
1 2735 2
0 77 2
1 2745 0
0 7843 2
0 5037 0
1 6848 1
1 2853 3
1 6176 2
0 8921 0
0 6936 2
0 9395 2
0 553 1
0 965 2
0 6120 3
0 9101 3
0 2235 0
1 2135 1
0 4646 3
1 6835 1
0 5558 3
1 1241 1
0 3518 0
0 9514 2
1 4913 3
0 6553 3
0 3407 3
1 9434 1
0 9873 0
0 7828 2
0 2734 3
0 5670 3
1 3211 1
0 7486 3
0 1930 3
1 9699 0
0 4986 1
1 9554 3
1 55 3
0 9327 0
1 4987 3
1 3399 1
0 2905 1
0 2104 1
0 9723 2
1 3699 3
0 5082 0
0 7473 3
1 6287 2
0 9796 2
1 5784 0
1 2735 3
0 77 1
1 2745 2
0 7843 3
0 5037 2
1 6848 1
1 2853 0
1 6176 0
0 8921 0
0 6936 0
0 9395 0
0 553 0
0 965 3
0 6120 2
0 9101 1
0 2235 0
1 2135 0
0 4646 1
1 6835 3
0 5558 2
1 1241 1
0 3518 3
0 9514 2
1 4913 3
0 6553 0
0 3407 3
1 9434 0
0 9873 3
0 7828 1
0 2734 1
0 5670 3
1 3211 0
0 7486 3
0 1930 2
1 9699 1
0 4986 3
1 9554 0
1 55 0
0 9327 2
1 4987 2
1 3399 1
0 2905 1
0 2104 1
0 9723 0
1 3699 1
0 5082 0
0 7473 1
1 6287 1
0 9796 1
1 5784 1
1 2735 2
0 77 1
1 2745 3
0 7843 3
0 5037 0
1 6848 2
1 2853 2
1 6176 1
0 8921 0
0 6936 0
0 9395 2
0 553 2
0 965 0
0 6120 3
0 9101 2
0 2235 0
1 2135 2
0 4646 3
1 6835 3
0 5558 0
1 1241 3
0 3518 3
0 9514 3
1 4913 3
0 6553 2
0 3407 2
1 9434 2
1 6659 3
0 8051 3
1 9813 1
0 9873 0
0 7828 1
0 2734 2
0 5670 3
1 3211 1
0 7486 3
0 1930 3
1 9699 0
0 4986 0
1 9554 1
1 55 3
0 9327 2
1 4987 3
1 3399 0
0 2905 2
0 2104 1
0 9723 3
1 3699 0
0 5082 2
0 7473 1
1 6287 1
0 9796 3
1 5784 2
1 2735 3
0 77 0
1 2745 0
0 7843 0
0 5037 2
1 6848 1
1 2853 2
1 6176 3
0 8921 3
0 6936 3
0 9395 2
0 553 0
0 965 2
0 6120 0
0 9101 1
0 2235 0
1 2135 2
0 4646 3
1 6835 2
0 5558 3
1 1241 3
0 3518 2
0 9514 1
1 4913 3
0 6553 3
0 3407 3
1 9434 3
0 349 1
0 9873 3
0 7828 2
0 2734 3
0 5670 1
1 3211 3
0 7486 2
0 1930 0
1 9699 1
0 4986 0
1 9554 3
1 55 0
0 9327 0
1 4987 2
1 3399 3
0 2905 1
0 2104 0
0 9723 3
1 3699 1
0 5082 2
0 7473 3
1 6287 3
0 9796 3
1 5784 1
1 2735 1
0 77 1
1 2745 0
0 7843 2
0 5037 0
1 6848 3
1 2853 1
1 6176 0
0 8921 0
0 6936 1
0 9395 2
0 553 1
0 965 2
0 6120 0
0 9101 2
0 2235 1
1 2135 1
0 4646 1
1 6835 2
0 5558 3
1 1241 3
0 3518 3
0 9514 2
1 4913 2
0 6553 3
0 3407 1
1 9434 1
1 4831 0
1 7723 0
0 9873 3
0 7828 3
0 2734 3
0 5670 1
1 3211 0
0 7486 2
0 1930 3
1 9699 1
0 4986 3
1 9554 0
1 55 1
0 9327 1
1 4987 2
1 3399 2
0 2905 1
0 2104 2
0 9723 3
1 3699 1
0 5082 3
